-0.544724 
-0.674112 
-0.928160 
-1.331561 
-1.951607 
-2.892772 
-4.304511 
-6.386992 
-9.384939 
-13.557267 
-19.113278 
-26.122274 
-34.431664 
-43.647848 
-53.213008 
-62.550042 
-71.201298 
-78.899799 
-85.563515 
-91.243059 
-96.059551 
-100.155651 
-103.667055 
-106.711166 
-109.384779 
-111.765090 
-113.911429 
-115.868127 
-117.668746 
-119.339670 
-120.900844 
-122.366135 
-123.745718 
-125.048914 
-126.284604 
-127.459839 
-128.579420 
-129.646892 
-130.665536 
-131.638674 
-132.569930 
-133.463747 
-134.325644 
-135.162396 
-135.981775 
-136.791397 
-137.597429 
-138.403212 
-139.208677 
-140.012001 
-140.811088 
-141.603696 
-142.387351 
-143.159065 
-143.916101 
-144.657258 
-145.381666 
-146.085806 
-146.766075 
-147.422362 
-148.055909 
-148.667164 
-149.256204 
-149.823574 
-150.370443 
-150.898564 
-151.410191 
-151.907867 
-152.394218 
-152.871734 
-153.342739 
-153.809949 
-154.276308 
-154.742321 
-155.205780 
-155.665866 
-156.121534 
-156.568137 
-157.001477 
-157.420429 
-157.825517 
-158.217738 
-158.597925 
-158.966459 
-159.323493 
-159.669498 
-160.005596 
-160.333417 
-160.654728 
-160.971163 
-161.284054 
-161.594357 
-161.902758 
-162.209919 
-162.516701 
-162.824496 
-163.134879 
-163.447112 
-163.757407 
-164.062446 
-164.361175 
-164.653850 
-164.940982 
-165.222813 
-165.499023 
-165.768669 
-166.030582 
-166.284031 
-166.529203 
-166.767182 
-166.999466 
-167.227379 
-167.451771 
-167.673135 
-167.891907 
-168.108670 
-168.324052 
-168.538444 
-168.751937 
-168.964603 
-169.176667 
-169.388343 
-169.599749 
-169.811073 
-170.022723 
-170.235236 
-170.449019 
-170.664089 
-170.879993 
-171.095910 
-171.310822 
-171.523637 
-171.733256 
-171.938678 
-172.139147 
-172.334239 
-172.523842 
-172.708072 
-172.887213 
-173.061718 
-173.232260 
-173.399746 
-173.565228 
-173.729680 
-173.893725 
-174.057486 
-174.220699 
-174.382999 
-174.544053 
-174.703479 
-174.860718 
-175.015072 
-175.165906 
-175.312867 
-175.455952 
-175.595469 
-175.731963 
-175.866156 
-175.998863 
-176.130886 
-176.262886 
-176.395267 
-176.528102 
-176.661182 
-176.794183 
-176.926835 
-177.058981 
-177.190526 
-177.321347 
-177.451229 
-177.579872 
-177.706994 
-177.832470 
-177.956431 
-178.079214 
-178.201147 
-178.322312 
-178.442470 
-178.561266 
-178.678505 
-178.794264 
-178.908839 
-179.022650 
-179.136166 
-179.249886 
-179.364314 
-179.479921 
-179.597059 
-179.715848 
-179.836064 
-179.957130 
-180.078259 
-180.198672 
-180.317725 
-180.434931 
-180.549953 
-180.662581 
-180.772694 
-180.880215 
-180.985104 
-181.087382 
-181.187157 
-181.284622 
-181.380030 
-181.473674 
-181.565847 
-181.656800 
-181.746712 
-181.835704 
-181.923939 
-182.011746 
-182.099694 
-182.188544 
-182.279056 
-182.371733 
-182.466693 
-182.563790 
-182.662843 
-182.763669 
-182.865868 
-182.968718 
-183.071396 
-183.173290 
-183.274097 
-183.373750 
-183.472327 
-183.569991 
-183.666930 
-183.763293 
-183.859102 
-183.954172 
-184.048118 
-184.140491 
-184.230968 
-184.319419 
-184.405868 
-184.490414 
-184.573183 
-184.654325 
-184.734019 
-184.812492 
-184.890035 
-184.967015 
-185.043882 
-185.121166 
-185.199449 
-185.279346 
-185.361501 
-185.446628 
-185.535589 
-185.629401 
-185.728916 
-185.833724 
-185.941185 
-186.047931 
-186.152058 
-186.253172 
-186.351511 
-186.447386 
-186.541010 
-186.632489 
-186.721875 
-186.809196 
-186.894486 
-186.977790 
-187.059171 
-187.138706 
-187.216495 
-187.292662 
-187.367363 
-187.440778 
-187.513105 
-187.584539 
-187.655259 
-187.725408 
-187.795080 
-187.864299 
-187.933018 
-188.001121 
-188.068454 
-188.134869 
-188.200273 
-188.264659 
-188.328114 
-188.390807 
-188.452961 
-188.514830 
-188.576683 
-188.638794 
-188.701448 
-188.764948 
-188.829624 
-188.895866 
-188.964205 
-189.035451 
-189.110791 
-189.191534 
-189.277972 
-189.368006 
-189.458348 
-189.546961 
-189.633334 
-189.717622 
-189.800071 
-189.880830 
-189.959974 
-190.037557 
-190.113679 
-190.188515 
-190.262305 
-190.335330 
-190.407924 
-190.480584 
-190.554237 
-190.630484 
-190.711383 
-190.798028 
-190.888542 
-190.978875 
-191.066054 
-191.149168 
-191.228388 
-191.304149 
-191.376843 
-191.446758 
-191.514079 
-191.578922 
-191.641357 
-191.701447 
-191.759267 
-191.814929 
-191.868596 
-191.920478 
-191.970835 
-192.019964 
-192.068178 
-192.115798 
-192.163122 
-192.210406 
-192.257829 
-192.305451 
-192.353191 
-192.400838 
-192.448121 
-192.494807 
-192.540776 
-192.586047 
-192.630769 
-192.675170 
-192.719502 
-192.763973 
-192.808679 
-192.853582 
-192.898544 
-192.943399 
-192.988006 
-193.032221 
-193.075880 
-193.118838 
-193.161042 
-193.202572 
-193.243607 
-193.284366 
-193.325072 
-193.365932 
-193.407150 
-193.448921 
-193.491411 
-193.534720 
-193.578852 
-193.623707 
-193.669107 
-193.714850 
-193.760766 
-193.806757 
-193.852805 
-193.898954 
-193.945279 
-193.991862 
-194.038781 
-194.086107 
-194.133904 
-194.182228 
-194.231115 
-194.280569 
-194.330541 
-194.380919 
-194.431524 
-194.482122 
-194.532459 
-194.582289 
-194.631407 
-194.679669 
-194.726992 
-194.773353 
-194.818778 
-194.863331 
-194.907097 
-194.950164 
-194.992608 
-195.034479 
-195.075792 
-195.116524 
-195.156621 
-195.196010 
-195.234616 
-195.272379 
-195.309261 
-195.345258 
-195.380403 
-195.414756 
-195.448405 
-195.481456 
-195.514024 
-195.546230 
-195.578195 
-195.610041 
-195.641887 
-195.673852 
-195.706057 
-195.738617 
-195.771646 
-195.805247 
-195.839516 
-195.874540 
-195.910412 
-195.947231 
-195.985119 
-196.024204 
-196.064598 
-196.106340 
-196.149323 
-196.193240 
-196.237594 
-196.281803 
-196.325342 
-196.367862 
-196.409223 
-196.449451 
-196.488671 
-196.527043 
-196.564726 
-196.601868 
-196.638622 
-196.675155 
-196.711667 
-196.748390 
-196.785585 
-196.823530 
-196.862494 
-196.902712 
-196.944348 
-196.987469 
-197.032018 
-197.077818 
-197.124589 
-197.171982 
-197.219614 
-197.267114 
-197.314145 
-197.360431 
-197.405772 
-197.450044 
-197.493199 
-197.535252 
-197.576273 
-197.616371 
-197.655683 
-197.694367 
-197.732585 
-197.770495 
-197.808227 
-197.845869 
-197.883461 
-197.921001 
-197.958467 
-197.995840 
-198.033120 
-198.070334 
-198.107526 
-198.144751 
-198.182073 
-198.219562 
-198.257289 
-198.295326 
-198.333735 
-198.372556 
-198.411796 
-198.451428 
-198.491390 
-198.531594 
-198.571932 
-198.612289 
-198.652549 
-198.692599 
-198.732344 
-198.771715 
-198.810682 
-198.849255 
-198.887487 
-198.925461 
-198.963286 
-199.001086 
-199.038991 
-199.077124 
-199.115575 
-199.154378 
-199.193491 
-199.232785 
-199.272060 
-199.311074 
-199.349573 
-199.387321 
-199.424119 
-199.459822 
-199.494339 
-199.527628 
-199.559692 
-199.590558 
-199.620272 
-199.648888 
-199.676465 
-199.703068 
-199.728771 
-199.753660 
-199.777837 
-199.801421 
-199.824541 
-199.847342 
-199.869972 
-199.892577 
-199.915293 
-199.938228 
-199.961456 
-199.985004 
-200.008846 
-200.032913 
-200.057109 
-200.081327 
-200.105464 
-200.129434 
-200.153169 
-200.176620 
-200.199753 
-200.222557 
-200.245040 
-200.267233 
-200.289187 
-200.310970 
-200.332666 
-200.354363 
-200.376156 
-200.398132 
-200.420374 
-200.442946 
-200.465897 
-200.489253 
-200.513019 
-200.537175 
-200.561686 
-200.586500 
-200.611562 
-200.636816 
-200.662218 
-200.687742 
-200.713380 
-200.739150 
-200.765085 
-200.791236 
-200.817659 
-200.844417 
-200.871568 
-200.899158 
-200.927223 
-200.955783 
-200.984840 
-201.014384 
-201.044389 
-201.074811 
-201.105583 
-201.136607 
-201.167753 
-201.198865 
-201.229773 
-201.260310 
-201.290333 
-201.319733 
-201.348441 
-201.376426 
-201.403692 
-201.430271 
-201.456210 
-201.481565 
-201.506395 
-201.530758 
-201.554709 
-201.578308 
-201.601620 
-201.624726 
-201.647722 
-201.670720 
-201.693848 
-201.717242 
-201.741040 
-201.765371 
-201.790340 
-201.816019 
-201.842430 
-201.869535 
-201.897233 
-201.925366 
-201.953734 
-201.982126 
-202.010345 
-202.038228 
-202.065663 
-202.092588 
-202.118985 
-202.144871 
-202.170286 
-202.195280 
-202.219906 
-202.244215 
-202.268249 
-202.292041 
-202.315614 
-202.338983 
-202.362157 
-202.385138 
-202.407924 
-202.430508 
-202.452882 
-202.475034 
-202.496953 
-202.518626 
-202.540044 
-202.561199 
-202.582091 
-202.602726 
-202.623125 
-202.643318 
-202.663351 
-202.683283 
-202.703181 
-202.723127 
-202.743211 
-202.763535 
-202.784212 
-202.805367 
-202.827135 
-202.849687 
-202.873296 
-202.898454 
-202.925995 
-202.957042 
-202.992483 
-203.031930 
-203.073389 
-203.114538 
-203.153989 
-203.191333 
-203.226669 
-203.260247 
-203.292308 
-203.323048 
-203.352613 
-203.381121 
-203.408668 
-203.435343 
-203.461230 
-203.486407 
-203.510945 
-203.534905 
-203.558340 
-203.581289 
-203.603780 
-203.625831 
-203.647455 
-203.668661 
-203.689459 
-203.709867 
-203.729910 
-203.749625 
-203.769058 
-203.788264 
-203.807302 
-203.826231 
-203.845106 
-203.863970 
-203.882852 
-203.901767 
-203.920714 
-203.939677 
-203.958637 
-203.977566 
-203.996438 
-204.015222 
-204.033884 
-204.052387 
-204.070685 
-204.088726 
-204.106459 
-204.123833 
-204.140809 
-204.157359 
-204.173478 
-204.189183 
-204.204519 
-204.219557 
-204.234393 
-204.249143 
-204.263932 
-204.278885 
-204.294121 
-204.309744 
-204.325845 
-204.342490 
-204.359712 
-204.377491 
-204.395746 
-204.414336 
-204.433074 
-204.451748 
-204.470144 
-204.488066 
-204.505353 
-204.521884 
-204.537590 
-204.552455 
-204.566506 
-204.579809 
-204.592446 
-204.604510 
-204.616088 
-204.627260 
-204.638100 
-204.648669 
-204.659026 
-204.669225 
-204.679316 
-204.689349 
-204.699372 
-204.709436 
-204.719591 
-204.729891 
-204.740392 
-204.751157 
-204.762248 
-204.773726 
-204.785641 
-204.798026 
-204.810890 
-204.824211 
-204.837937 
-204.851995 
-204.866294 
-204.880741 
-204.895239 
-204.909703 
-204.924054 
-204.938226 
-204.952168 
-204.965844 
-204.979235 
-204.992340 
-205.005172 
-205.017759 
-205.030139 
-205.042363 
-205.054487 
-205.066574 
-205.078685 
-205.090882 
-205.103219 
-205.115744 
-205.128487 
-205.141469 
-205.154692 
-205.168148 
-205.181824 
-205.195701 
-205.209765 
-205.224008 
-205.238424 
-205.253012 
-205.267772 
-205.282703 
-205.297803 
-205.313070 
-205.328505 
-205.344112 
-205.359898 
-205.375875 
-205.392055 
-205.408451 
-205.425073 
-205.441929 
-205.459024 
-205.476364 
-205.493951 
-205.511793 
-205.529894 
-205.548259 
-205.566885 
-205.585764 
-205.604873 
-205.624178 
-205.643630 
-205.663167 
-205.682715 
-205.702196 
-205.721526 
-205.740627 
-205.759425 
-205.777859 
-205.795877 
-205.813444 
-205.830536 
-205.847143 
-205.863266 
-205.878914 
-205.894104 
-205.908858 
-205.923202 
-205.937162 
-205.950765 
-205.964035 
-205.976997 
-205.989675 
-206.002094 
-206.014281 
-206.026265 
-206.038078 
-206.049751 
-206.061318 
-206.072805 
-206.084240 
-206.095639 
-206.107017 
-206.118379 
-206.129724 
-206.141047 
-206.152336 
-206.163582 
-206.174772 
-206.185899 
-206.196958 
-206.207949 
-206.218880 
-206.229765 
-206.240627 
-206.251493 
-206.262398 
-206.273383 
-206.284492 
-206.295772 
-206.307270 
-206.319034 
-206.331109 
-206.343534 
-206.356346 
-206.369571 
-206.383229 
-206.397326 
-206.411856 
-206.426795 
-206.442105 
-206.457728 
-206.473590 
-206.489604 
-206.505676 
-206.521708 
-206.537606 
-206.553286 
-206.568677 
-206.583726 
-206.598398 
-206.612673 
-206.626550 
-206.640039 
-206.653163 
-206.665951 
-206.678438 
-206.690664 
-206.702667 
-206.714488 
-206.726162 
-206.737725 
-206.749207 
-206.760634 
-206.772029 
-206.783408 
-206.794784 
-206.806164 
-206.817550 
-206.828938 
-206.840319 
-206.851681 
-206.863010 
-206.874290 
-206.885506 
-206.896643 
-206.907690 
-206.918634 
-206.929466 
-206.940175 
-206.950753 
-206.961193 
-206.971487 
-206.981631 
-206.991621 
-207.001454 
-207.011132 
-207.020653 
-207.030020 
-207.039232 
-207.048292 
-207.057199 
-207.065957 
-207.074566 
-207.083033 
-207.091363 
-207.099566 
-207.107655 
-207.115648 
-207.123562 
-207.131421 
-207.139246 
-207.147061 
-207.154888 
-207.162746 
-207.170653 
-207.178621 
-207.186661 
-207.194779 
-207.202979 
-207.211262 
-207.219632 
-207.228089 
-207.236639 
-207.245288 
-207.254046 
-207.262925 
-207.271941 
-207.281109 
-207.290445 
-207.299963 
-207.309672 
-207.319578 
-207.329683 
-207.339988 
-207.350491 
-207.361196 
-207.372107 
-207.383229 
-207.394568 
-207.406122 
-207.417884 
-207.429836 
-207.441949 
-207.454186 
-207.466503 
-207.478852 
-207.491189 
-207.503470 
-207.515662 
-207.527734 
-207.539665 
-207.551442 
-207.563058 
-207.574515 
-207.585829 
-207.597027 
-207.608156 
-207.619286 
-207.630516 
-207.641978 
-207.653835 
-207.666276 
-207.679496 
-207.693669 
-207.708910 
-207.725243 
-207.742576 
-207.760707 
-207.779360 
-207.798225 
-207.816961 
-207.835224 
-207.852705 
-207.869201 
-207.884644 
-207.899083 
-207.912638 
-207.925469 
-207.937743 
-207.949626 
-207.961271 
-207.972818 
-207.984384 
-207.996052 
-208.007865 
-208.019822 
-208.031883 
-208.043991 
-208.056095 
-208.068167 
-208.080209 
-208.092238 
-208.104275 
-208.116325 
-208.128372 
-208.140392 
-208.152363 
-208.164283 
-208.176176 
-208.188087 
-208.200071 
-208.212173 
-208.224418 
-208.236800 
-208.249278 
-208.261780 
-208.274218 
-208.286500 
-208.298551 
-208.310313 
-208.321761 
-208.332890 
-208.343719 
-208.354279 
-208.364613 
-208.374765 
-208.384782 
-208.394711 
-208.404595 
-208.414476 
-208.424389 
-208.434365 
-208.444429 
-208.454597 
-208.464882 
-208.475288 
-208.485816 
-208.496466 
-208.507236 
-208.518126 
-208.529138 
-208.540276 
-208.551544 
-208.562949 
-208.574496 
-208.586191 
-208.598038 
-208.610042 
-208.622204 
-208.634521 
-208.646986 
-208.659586 
-208.672302 
-208.685110 
-208.697985 
-208.710901 
-208.723833 
-208.736756 
-208.749641 
-208.762459 
-208.775169 
-208.787726 
-208.800076 
-208.812166 
-208.823943 
-208.835364 
-208.846398 
-208.857029 
-208.867256 
-208.877087 
-208.886542 
-208.895650 
-208.904438 
-208.912941 
-208.921188 
-208.929210 
-208.937032 
-208.944678 
-208.952166 
-208.959511 
-208.966727 
-208.973820 
-208.980798 
-208.987666 
-208.994426 
-209.001081 
-209.007633 
-209.014084 
-209.020436 
-209.026689 
-209.032844 
-209.038901 
-209.044861 
-209.050723 
-209.056486 
-209.062151 
-209.067718 
-209.073187 
-209.078560 
-209.083842 
-209.089038 
-209.094154 
-209.099200 
-209.104187 
-209.109130 
-209.114043 
-209.118947 
-209.123862 
-209.128813 
-209.133827 
-209.138933 
-209.144166 
-209.149563 
-209.155162 
-209.161008 
-209.167147 
-209.173626 
-209.180496 
-209.187802 
-209.195586 
-209.203883 
-209.212711 
-209.222073 
-209.231949 
-209.242299 
-209.253065 
-209.264176 
-209.275557 
-209.287137 
-209.298854 
-209.310662 
-209.322529 
-209.334438 
-209.346386 
-209.358379 
-209.370432 
-209.382565 
-209.394799 
-209.407151 
-209.419634 
-209.432253 
-209.445004 
-209.457878 
-209.470854 
-209.483910 
-209.497018 
-209.510148 
-209.523273 
-209.536365 
-209.549397 
-209.562345 
-209.575188 
-209.587907 
-209.600486 
-209.612915 
-209.625185 
-209.637293 
-209.649241 
-209.661030 
-209.672666 
-209.684156 
-209.695508 
-209.706731 
-209.717832 
-209.728823 
-209.739712 
-209.750512 
-209.761232 
-209.771885 
-209.782480 
-209.793028 
-209.803538 
-209.814021 
-209.824484 
-209.834938 
-209.845392 
-209.855860 
-209.866354 
-209.876891 
-209.887489 
-209.898165 
-209.908937 
-209.919821 
-209.930826 
-209.941960 
-209.953218 
-209.964585 
-209.976035 
-209.987525 
-209.999000 
-210.010400 
-210.021657 
-210.032711 
-210.043515 
-210.054035 
-210.064256 
-210.074181 
-210.083828 
-210.093222 
-210.102400 
-210.111400 
-210.120262 
-210.129023 
-210.137720 
-210.146384 
-210.155040 
-210.163709 
-210.172408 
-210.181146 
-210.189930 
-210.198763 
-210.207644 
-210.216569 
-210.225531 
-210.234522 
-210.243531 
-210.252547 
-210.261556 
-210.270547 
-210.279507 
-210.288426 
-210.297294 
-210.306102 
-210.314845 
-210.323514 
-210.332107 
-210.340620 
-210.349049 
-210.357391 
-210.365643 
-210.373799 
-210.381854 
-210.389803 
-210.397639 
-210.405360 
-210.412961 
-210.420443 
-210.427809 
-210.435065 
-210.442223 
-210.449297 
-210.456305 
-210.463269 
-210.470215 
-210.477170 
-210.484165 
-210.491231 
-210.498400 
-210.505706 
-210.513182 
-210.520857 
-210.528761 
-210.536914 
-210.545331 
-210.554017 
-210.562963 
-210.572147 
-210.581538 
-210.591091 
-210.600760 
-210.610498 
-210.620260 
-210.630008 
-210.639710 
-210.649338 
-210.658868 
-210.668278 
-210.677547 
-210.686654 
-210.695580 
-210.704310 
-210.712831 
-210.721136 
-210.729222 
-210.737093 
-210.744756 
-210.752225 
-210.759515 
-210.766647 
-210.773644 
-210.780531 
-210.787335 
-210.794083 
-210.800804 
-210.807525 
-210.814272 
-210.821072 
-210.827943 
-210.834905 
-210.841967 
-210.849137 
-210.856415 
-210.863794 
-210.871263 
-210.878807 
-210.886410 
-210.894054 
-210.901723 
-210.909402 
-210.917080 
-210.924750 
-210.932405 
-210.940044 
-210.947663 
-210.955262 
-210.962836 
-210.970380 
-210.977886 
-210.985342 
-210.992734 
-211.000043 
-211.007249 
-211.014331 
-211.021267 
-211.028038 
-211.034627 
-211.041020 
-211.047208 
-211.053186 
-211.058956 
-211.064520 
-211.069887 
-211.075067 
-211.080073 
-211.084919 
-211.089620 
-211.094191 
-211.098651 
-211.103015 
-211.107301 
-211.111527 
-211.115710 
-211.119870 
-211.124025 
-211.128195 
-211.132399 
-211.136656 
-211.140984 
-211.145400 
-211.149915 
-211.154537 
-211.159269 
-211.164105 
-211.169035 
-211.174040 
-211.179101 
-211.184192 
-211.189291 
-211.194378 
-211.199435 
-211.204450 
-211.209417 
-211.214330 
-211.219191 
-211.223999 
-211.228759 
-211.233472 
-211.238142 
-211.242773 
-211.247366 
-211.251926 
-211.256456 
-211.260960 
-211.265444 
-211.269916 
-211.274386 
-211.278864 
-211.283366 
-211.287909 
-211.292512 
-211.297199 
-211.301992 
-211.306919 
-211.312007 
-211.317284 
-211.322779 
-211.328518 
-211.334524 
-211.340818 
-211.347415 
-211.354323 
-211.361543 
-211.369070 
-211.376889 
-211.384979 
-211.393313 
-211.401858 
-211.410575 
-211.419424 
-211.428367 
-211.437363 
-211.446379 
-211.455383 
-211.464352 
-211.473269 
-211.482122 
-211.490906 
-211.499622 
-211.508273 
-211.516867 
-211.525414 
-211.533926 
-211.542416 
-211.550900 
-211.559394 
-211.567914 
-211.576475 
-211.585093 
-211.593779 
-211.602540 
-211.611382 
-211.620302 
-211.629296 
-211.638352 
-211.647458 
-211.656595 
-211.665744 
-211.674883 
-211.683991 
-211.693045 
-211.702022 
-211.710902 
-211.719664 
-211.728289 
-211.736759 
-211.745055 
-211.753163 
-211.761065 
-211.768749 
-211.776201 
-211.783411 
-211.790373 
-211.797081 
-211.803535 
-211.809735 
-211.815688 
-211.821399 
-211.826878 
-211.832136 
-211.837185 
-211.842039 
-211.846712 
-211.851218 
-211.855573 
-211.859790 
-211.863887 
-211.867876 
-211.871775 
-211.875599 
-211.879364 
-211.883086 
-211.886782 
-211.890469 
-211.894165 
-211.897890 
-211.901662 
-211.905502 
-211.909430 
-211.913467 
-211.917633 
-211.921949 
-211.926432 
-211.931101 
-211.935967 
-211.941041 
-211.946328 
-211.951831 
-211.957544 
-211.963460 
-211.969568 
-211.975854 
-211.982304 
-211.988902 
-211.995634 
-212.002490 
-212.009461 
-212.016544 
-212.023737 
-212.031045 
-212.038472 
-212.046025 
-212.053711 
-212.061535 
-212.069497 
-212.077594 
-212.085815 
-212.094144 
-212.102556 
-212.111024 
-212.119513 
-212.127989 
-212.136414 
-212.144754 
-212.152979 
-212.161060 
-212.168975 
-212.176706 
-212.184241 
-212.191569 
-212.198686 
-212.205587 
-212.212272 
-212.218742 
-212.224998 
-212.231044 
-212.236885 
-212.242528 
-212.247980 
-212.253249 
-212.258345 
-212.263279 
-212.268059 
-212.272699 
-212.277207 
-212.281597 
-212.285879 
-212.290064 
-212.294164 
-212.298191 
-212.302157 
-212.306072 
-212.309950 
-212.313803 
-212.317643 
-212.321484 
-212.325338 
-212.329219 
-212.333139 
-212.337108 
-212.341138 
-212.345235 
-212.349404 
-212.353646 
-212.357960 
-212.362340 
-212.366776 
-212.371257 
-212.375767 
-212.380292 
-212.384816 
-212.389322 
-212.393796 
-212.398224 
-212.402592 
-212.406891 
-212.411110 
-212.415241 
-212.419279 
-212.423220 
-212.427061 
-212.430803 
-212.434447 
-212.437997 
-212.441457 
-212.444835 
-212.448137 
-212.451371 
-212.454548 
-212.457676 
-212.460765 
-212.463827 
-212.466872 
-212.469912 
-212.472959 
-212.476024 
-212.479122 
-212.482264 
-212.485466 
-212.488740 
-212.492103 
-212.495567 
-212.499149 
-212.502860 
-212.506714 
-212.510721 
-212.514889 
-212.519223 
-212.523725 
-212.528392 
-212.533219 
-212.538197 
-212.543315 
-212.548560 
-212.553918 
-212.559374 
-212.564914 
-212.570524 
-212.576192 
-212.581909 
-212.587666 
-212.593457 
-212.599280 
-212.605132 
-212.611015 
-212.616931 
-212.622883 
-212.628873 
-212.634903 
-212.640971 
-212.647074 
-212.653205 
-212.659351 
-212.665499 
-212.671632 
-212.677733 
-212.683783 
-212.689766 
-212.695668 
-212.701476 
-212.707186 
-212.712792 
-212.718295 
-212.723700 
-212.729012 
-212.734240 
-212.739393 
-212.744479 
-212.749506 
-212.754480 
-212.759407 
-212.764289 
-212.769128 
-212.773924 
-212.778678 
-212.783391 
-212.788065 
-212.792705 
-212.797318 
-212.801913 
-212.806503 
-212.811101 
-212.815723 
-212.820385 
-212.825103 
-212.829891 
-212.834763 
-212.839730 
-212.844800 
-212.849977 
-212.855264 
-212.860659 
-212.866160 
-212.871760 
-212.877452 
-212.883226 
-212.889074 
-212.894985 
-212.900947 
-212.906952 
-212.912988 
-212.919049 
-212.925127 
-212.931217 
-212.937314 
-212.943416 
-212.949520 
-212.955627 
-212.961734 
-212.967845 
-212.973960 
-212.980084 
-212.986222 
-212.992379 
-212.998561 
-213.004774 
-213.011023 
-213.017311 
-213.023639 
-213.030009 
-213.036417 
-213.042864 
-213.049346 
-213.055863 
-213.062412 
-213.068993 
-213.075603 
-213.082240 
-213.088903 
-213.095588 
-213.102292 
-213.109012 
-213.115745 
-213.122486 
-213.129230 
-213.135968 
-213.142691 
-213.149387 
-213.156042 
-213.162640 
-213.169166 
-213.175605 
-213.181941 
-213.188163 
-213.194257 
-213.200215 
-213.206027 
-213.211689 
-213.217194 
-213.222541 
-213.227727 
-213.232754 
-213.237624 
-213.242341 
-213.246910 
-213.251337 
-213.255631 
-213.259799 
-213.263851 
-213.267796 
-213.271645 
-213.275408 
-213.279095 
-213.282717 
-213.286285 
-213.289809 
-213.293300 
-213.296770 
-213.300229 
-213.303687 
-213.307155 
-213.310643 
-213.314160 
-213.317714 
-213.321314 
-213.324965 
-213.328671 
-213.332437 
-213.336261 
-213.340145 
-213.344086 
-213.348078 
-213.352118 
-213.356198 
-213.360312 
-213.364450 
-213.368605 
-213.372769 
-213.376931 
-213.381082 
-213.385215 
-213.389321 
-213.393391 
-213.397421 
-213.401405 
-213.405340 
-213.409227 
-213.413065 
-213.416857 
-213.420610 
-213.424328 
-213.428019 
-213.431691 
-213.435354 
-213.439014 
-213.442681 
-213.446362 
-213.450062 
-213.453787 
-213.457539 
-213.461322 
-213.465136 
-213.468983 
-213.472863 
-213.476778 
-213.480731 
-213.484724 
-213.488765 
-213.492862 
-213.497023 
-213.501260 
-213.505586 
-213.510013 
-213.514555 
-213.519222 
-213.524025 
-213.528971 
-213.534066 
-213.539309 
-213.544699 
-213.550231 
-213.555895 
-213.561680 
-213.567571 
-213.573554 
-213.579608 
-213.585716 
-213.591856 
-213.598005 
-213.604141 
-213.610239 
-213.616277 
-213.622232 
-213.628083 
-213.633811 
-213.639402 
-213.644846 
-213.650135 
-213.655267 
-213.660245 
-213.665076 
-213.669768 
-213.674336 
-213.678794 
-213.683162 
-213.687458 
-213.691706 
-213.695927 
-213.700147 
-213.704390 
-213.708683 
-213.713053 
-213.717525 
-213.722127 
-213.726882 
-213.731816 
-213.736948 
-213.742296 
-213.747874 
-213.753691 
-213.759749 
-213.766047 
-213.772575 
-213.779318 
-213.786257 
-213.793367 
-213.800618 
-213.807977 
-213.815410 
-213.822880 
-213.830352 
-213.837795 
-213.845180 
-213.852482 
-213.859684 
-213.866773 
-213.873743 
-213.880591 
-213.887320 
-213.893937 
-213.900449 
-213.906867 
-213.913202 
-213.919465 
-213.925666 
-213.931814 
-213.937916 
-213.943977 
-213.950001 
-213.955990 
-213.961943 
-213.967861 
-213.973741 
-213.979583 
-213.985384 
-213.991144 
-213.996860 
-214.002534 
-214.008163 
-214.013750 
-214.019296 
-214.024802 
-214.030269 
-214.035698 
-214.041090 
-214.046445 
-214.051759 
-214.057032 
-214.062260 
-214.067439 
-214.072567 
-214.077641 
-214.082661 
-214.087629 
-214.092548 
-214.097424 
-214.102264 
-214.107078 
-214.111875 
-214.116666 
-214.121463 
-214.126276 
-214.131114 
-214.135983 
-214.140887 
-214.145827 
-214.150798 
-214.155795 
-214.160807 
-214.165819 
-214.170816 
-214.175780 
-214.180693 
-214.185538 
-214.190297 
-214.194957 
-214.199507 
-214.203937 
-214.208242 
-214.212417 
-214.216461 
-214.220376 
-214.224164 
-214.227828 
-214.231374 
-214.234806 
-214.238131 
-214.241354 
-214.244484 
-214.247526 
-214.250486 
-214.253374 
-214.256194 
-214.258954 
-214.261662 
-214.264325 
-214.266950 
-214.269546 
-214.272120 
-214.274681 
-214.277237 
-214.279797 
-214.282370 
-214.284964 
-214.287588 
-214.290249 
-214.292954 
-214.295708 
-214.298513 
-214.301371 
-214.304280 
-214.307235 
-214.310229 
-214.313252 
-214.316293 
-214.319341 
-214.322384 
-214.325409 
-214.328407 
-214.331371 
-214.334294 
-214.337175 
-214.340012 
-214.342808 
-214.345568 
-214.348298 
-214.351006 
-214.353703 
-214.356399 
-214.359107 
-214.361842 
-214.364617 
-214.367449 
-214.370354 
-214.373348 
-214.376448 
-214.379670 
-214.383028 
-214.386536 
-214.390206 
-214.394046 
-214.398065 
-214.402264 
-214.406646 
-214.411209 
-214.415949 
-214.420860 
-214.425934 
-214.431158 
-214.436519 
-214.442000 
-214.447583 
-214.453247 
-214.458973 
-214.464740 
-214.470533 
-214.476337 
-214.482142 
-214.487943 
-214.493735 
-214.499520 
-214.505299 
-214.511073 
-214.516844 
-214.522609 
-214.528362 
-214.534094 
-214.539791 
-214.545433 
-214.551000 
-214.556469 
-214.561818 
-214.567026 
-214.572076 
-214.576955 
-214.581652 
-214.586166 
-214.590494 
-214.594641 
-214.598612 
-214.602416 
-214.606062 
-214.609560 
-214.612921 
-214.616156 
-214.619277 
-214.622294 
-214.625218 
-214.628059 
-214.630829 
-214.633538 
-214.636195 
-214.638812 
-214.641398 
-214.643964 
-214.646521 
-214.649078 
-214.651647 
-214.654238 
-214.656861 
-214.659526 
-214.662241 
-214.665015 
-214.667855 
-214.670767 
-214.673755 
-214.676822 
-214.679969 
-214.683196 
-214.686503 
-214.689888 
-214.693349 
-214.696884 
-214.700493 
-214.704175 
-214.707928 
-214.711753 
-214.715648 
-214.719613 
-214.723648 
-214.727749 
-214.731913 
-214.736138 
-214.740418 
-214.744749 
-214.749127 
-214.753548 
-214.758008 
-214.762508 
-214.767047 
-214.771630 
-214.776262 
-214.780950 
-214.785705 
-214.790538 
-214.795460 
-214.800484 
-214.805619 
-214.810875 
-214.816258 
-214.821772 
-214.827415 
-214.833185 
-214.839076 
-214.845079 
-214.851185 
-214.857387 
-214.863676 
-214.870044 
-214.876487 
-214.882999 
-214.889575 
-214.896212 
-214.902904 
-214.909643 
-214.916420 
-214.923224 
-214.930041 
-214.936855 
-214.943649 
-214.950405 
-214.957104 
-214.963730 
-214.970267 
-214.976702 
-214.983027 
-214.989236 
-214.995326 
-215.001300 
-215.007161 
-215.012917 
-215.018577 
-215.024151 
-215.029650 
-215.035087 
-215.040472 
-215.045817 
-215.051133 
-215.056431 
-215.061719 
-215.067008 
-215.072305 
-215.077617 
-215.082952 
-215.088317 
-215.093715 
-215.099153 
-215.104634 
-215.110161 
-215.115735 
-215.121356 
-215.127023 
-215.132729 
-215.138467 
-215.144227 
-215.149995 
-215.155756 
-215.161492 
-215.167186 
-215.172821 
-215.178380 
-215.183850 
-215.189221 
-215.194487 
-215.199642 
-215.204688 
-215.209625 
-215.214457 
-215.219187 
-215.223820 
-215.228360 
-215.232810 
-215.237172 
-215.241449 
-215.245642 
-215.249753 
-215.253783 
-215.257734 
-215.261609 
-215.265411 
-215.269144 
-215.272815 
-215.276428 
-215.279992 
-215.283513 
-215.287002 
-215.290466 
-215.293918 
-215.297368 
-215.300828 
-215.304310 
-215.307829 
-215.311397 
-215.315031 
-215.318744 
-215.322553 
-215.326474 
-215.330522 
-215.334713 
-215.339062 
-215.343581 
-215.348280 
-215.353169 
-215.358251 
-215.363527 
-215.368994 
-215.374644 
-215.380464 
-215.386437 
-215.392543 
-215.398758 
-215.405055 
-215.411404 
-215.417774 
-215.424135 
-215.430455 
-215.436703 
-215.442855 
-215.448885 
-215.454776 
-215.460513 
-215.466089 
-215.471498 
-215.476740 
-215.481820 
-215.486741 
-215.491512 
-215.496140 
-215.500634 
-215.505001 
-215.509250 
-215.513386 
-215.517414 
-215.521341 
-215.525168 
-215.528900 
-215.532539 
-215.536088 
-215.539547 
-215.542920 
-215.546209 
-215.549417 
-215.552547 
-215.555602 
-215.558586 
-215.561505 
-215.564362 
-215.567163 
-215.569914 
-215.572621 
-215.575289 
-215.577925 
-215.580535 
-215.583126 
-215.585702 
-215.588269 
-215.590833 
-215.593396 
-215.595962 
-215.598533 
-215.601109 
-215.603692 
-215.606279 
-215.608868 
-215.611457 
-215.614042 
-215.616620 
-215.619188 
-215.621744 
-215.624286 
-215.626814 
-215.629329 
-215.631833 
-215.634331 
-215.636828 
-215.639331 
-215.641850 
-215.644394 
-215.646975 
-215.649606 
-215.652301 
-215.655077 
-215.657949 
-215.660935 
-215.664052 
-215.667318 
-215.670751 
-215.674366 
-215.678180 
-215.682206 
-215.686454 
-215.690934 
-215.695651 
-215.700610 
-215.705813 
-215.711261 
-215.716952 
-215.722887 
-215.729067 
-215.735490 
-215.742159 
-215.749073 
-215.756235 
-215.763645 
-215.771299 
-215.779192 
-215.787314 
-215.795647 
-215.804169 
-215.812849 
-215.821648 
-215.830524 
-215.839431 
-215.848323 
-215.857155 
-215.865885 
-215.874482 
-215.882917 
-215.891173 
-215.899241 
-215.907117 
-215.914805 
-215.922315 
-215.929661 
-215.936859 
-215.943926 
-215.950879 
-215.957736 
-215.964511 
-215.971218 
-215.977865 
-215.984461 
-215.991010 
-215.997514 
-216.003972 
-216.010384 
-216.016744 
-216.023047 
-216.029286 
-216.035452 
-216.041534 
-216.047521 
-216.053403 
-216.059169 
-216.064809 
-216.070316 
-216.075685 
-216.080915 
-216.086004 
-216.090957 
-216.095780 
-216.100479 
-216.105065 
-216.109549 
-216.113942 
-216.118256 
-216.122506 
-216.126703 
-216.130860 
-216.134990 
-216.139104 
-216.143215 
-216.147334 
-216.151470 
-216.155634 
-216.159835 
-216.164082 
-216.168382 
-216.172744 
-216.177173 
-216.181678 
-216.186262 
-216.190933 
-216.195695 
-216.200551 
-216.205506 
-216.210562 
-216.215723 
-216.220989 
-216.226361 
-216.231841 
-216.237428 
-216.243121 
-216.248918 
-216.254815 
-216.260808 
-216.266890 
-216.273055 
-216.279292 
-216.285595 
-216.291953 
-216.298358 
-216.304804 
-216.311285 
-216.317797 
-216.324335 
-216.330898 
-216.337481 
-216.344080 
-216.350688 
-216.357299 
-216.363901 
-216.370486 
-216.377043 
-216.383559 
-216.390026 
-216.396435 
-216.402777 
-216.409047 
-216.415241 
-216.421355 
-216.427386 
-216.433335 
-216.439199 
-216.444977 
-216.450669 
-216.456274 
-216.461789 
-216.467214 
-216.472546 
-216.477785 
-216.482929 
-216.487978 
-216.492931 
-216.497791 
-216.502559 
-216.507240 
-216.511838 
-216.516359 
-216.520813 
-216.525207 
-216.529551 
-216.533856 
-216.538133 
-216.542391 
-216.546642 
-216.550895 
-216.555159 
-216.559443 
-216.563751 
-216.568088 
-216.572458 
-216.576862 
-216.581299 
-216.585770 
-216.590272 
-216.594803 
-216.599360 
-216.603939 
-216.608537 
-216.613148 
-216.617768 
-216.622391 
-216.627010 
-216.631619 
-216.636212 
-216.640781 
-216.645320 
-216.649823 
-216.654284 
-216.658697 
-216.663057 
-216.667361 
-216.671604 
-216.675783 
-216.679897 
-216.683943 
-216.687921 
-216.691833 
-216.695681 
-216.699469 
-216.703200 
-216.706882 
-216.710520 
-216.714124 
-216.717703 
-216.721265 
-216.724819 
-216.728377 
-216.731945 
-216.735532 
-216.739143 
-216.742780 
-216.746445 
-216.750134 
-216.753840 
-216.757556 
-216.761269 
-216.764968 
-216.768640 
-216.772273 
-216.775857 
-216.779385 
-216.782852 
-216.786256 
-216.789599 
-216.792884 
-216.796117 
-216.799306 
-216.802461 
-216.805592 
-216.808711 
-216.811828 
-216.814957 
-216.818107 
-216.821290 
-216.824513 
-216.827784 
-216.831108 
-216.834487 
-216.837922 
-216.841411 
-216.844950 
-216.848534 
-216.852157 
-216.855814 
-216.859500 
-216.863211 
-216.866944 
-216.870698 
-216.874474 
-216.878275 
-216.882101 
-216.885957 
-216.889847 
-216.893772 
-216.897736 
-216.901742 
-216.905789 
-216.909880 
-216.914013 
-216.918189 
-216.922406 
-216.926662 
-216.930957 
-216.935287 
-216.939652 
-216.944050 
-216.948477 
-216.952931 
-216.957410 
-216.961911 
-216.966431 
-216.970966 
-216.975513 
-216.980070 
-216.984634 
-216.989204 
-216.993777 
-216.998354 
-217.002934 
-217.007516 
-217.012103 
-217.016695 
-217.021295 
-217.025903 
-217.030523 
-217.035159 
-217.039815 
-217.044496 
-217.049207 
-217.053955 
-217.058749 
-217.063595 
-217.068505 
-217.073486 
-217.078548 
-217.083702 
-217.088956 
-217.094318 
-217.099797 
-217.105396 
-217.111122 
-217.116973 
-217.122951 
-217.129048 
-217.135259 
-217.141570 
-217.147966 
-217.154429 
-217.160937 
-217.167469 
-217.174000 
-217.180508 
-217.186972 
-217.193372 
-217.199693 
-217.205921 
-217.212045 
-217.218055 
-217.223945 
-217.229711 
-217.235347 
-217.240851 
-217.246222 
-217.251457 
-217.256558 
-217.261523 
-217.266356 
-217.271059 
-217.275635 
-217.280090 
-217.284429 
-217.288661 
-217.292792 
-217.296832 
-217.300790 
-217.304675 
-217.308497 
-217.312264 
-217.315985 
-217.319668 
-217.323317 
-217.326937 
-217.330531 
-217.334098 
-217.337638 
-217.341148 
-217.344622 
-217.348056 
-217.351444 
-217.354781 
-217.358062 
-217.361283 
-217.364440 
-217.367533 
-217.370562 
-217.373529 
-217.376436 
-217.379287 
-217.382088 
-217.384846 
-217.387567 
-217.390259 
-217.392930 
-217.395588 
-217.398242 
-217.400898 
-217.403565 
-217.406248 
-217.408952 
-217.411680 
-217.414433 
-217.417210 
-217.420008 
-217.422822 
-217.425646 
-217.428472 
-217.431293 
-217.434101 
-217.436891 
-217.439656 
-217.442394 
-217.445102 
-217.447782 
-217.450436 
-217.453067 
-217.455682 
-217.458288 
-217.460894 
-217.463510 
-217.466147 
-217.468817 
-217.471534 
-217.474312 
-217.477165 
-217.480111 
-217.483164 
-217.486341 
-217.489657 
-217.493127 
-217.496765 
-217.500580 
-217.504582 
-217.508775 
-217.513161 
-217.517739 
-217.522507 
-217.527460 
-217.532595 
-217.537907 
-217.543396 
-217.549062 
-217.554909 
-217.560942 
-217.567169 
-217.573596 
-217.580229 
-217.587074 
-217.594131 
-217.601397 
-217.608865 
-217.616521 
-217.624347 
-217.632321 
-217.640416 
-217.648601 
-217.656843 
-217.665109 
-217.673365 
-217.681579 
-217.689720 
-217.697763 
-217.705686 
-217.713472 
-217.721109 
-217.728588 
-217.735904 
-217.743057 
-217.750044 
-217.756866 
-217.763523 
-217.770012 
-217.776334 
-217.782484 
-217.788464 
-217.794272 
-217.799910 
-217.805382 
-217.810696 
-217.815860 
-217.820886 
-217.825787 
-217.830579 
-217.835276 
-217.839894 
-217.844449 
-217.848953 
-217.853417 
-217.857850 
-217.862257 
-217.866638 
-217.870994 
-217.875321 
-217.879614 
-217.883870 
-217.888083 
-217.892254 
-217.896383 
-217.900475 
-217.904536 
-217.908575 
-217.912606 
-217.916640 
-217.920694 
-217.924781 
-217.928916 
-217.933113 
-217.937384 
-217.941739 
-217.946184 
-217.950722 
-217.955353 
-217.960073 
-217.964875 
-217.969747 
-217.974678 
-217.979654 
-217.984664 
-217.989698 
-217.994749 
-217.999817 
-218.004906 
-218.010025 
-218.015191 
-218.020420 
-218.025734 
-218.031154 
-218.036696 
-218.042375 
-218.048195 
-218.054152 
-218.060230 
-218.066403 
-218.072638 
-218.078899 
-218.085149 
-218.091354 
-218.097489 
-218.103536 
-218.109489 
-218.115347 
-218.121121 
-218.126832 
-218.132510 
-218.138200 
-218.143966 
-218.149899 
-218.156127 
-218.162823 
-218.170226 
-218.178666 
-218.188617 
-218.200752 
-218.215875 
-218.234494 
-218.256072 
-218.278933 
-218.301276 
-218.322026 
-218.340838 
-218.357769 
-218.373032 
-218.386872 
-218.399516 
-218.411162 
-218.421971 
-218.432076 
-218.441584 
-218.450584 
-218.459148 
-218.467337 
-218.475200 
-218.482779 
-218.490111 
-218.497226 
-218.504150 
-218.510902 
-218.517501 
-218.523961 
-218.530290 
-218.536499 
-218.542591 
-218.548571 
-218.554442 
-218.560204 
-218.565858 
-218.571404 
-218.576841 
-218.582169 
-218.587385 
-218.592489 
-218.597478 
-218.602349 
-218.607101 
-218.611731 
-218.616237 
-218.620617 
-218.624870 
-218.628997 
-218.632998 
-218.636874 
-218.640628 
-218.644263 
-218.647783 
-218.651194 
-218.654500 
-218.657708 
-218.660825 
-218.663857 
-218.666811 
-218.669696 
-218.672519 
-218.675290 
-218.678015 
-218.680706 
-218.683370 
-218.686016 
-218.688656 
-218.691298 
-218.693951 
-218.696625 
-218.699328 
-218.702067 
-218.704847 
-218.707671 
-218.710540 
-218.713451 
-218.716397 
-218.719368 
-218.722353 
-218.725338 
-218.728306 
-218.731243 
-218.734137 
-218.736975 
-218.739748 
-218.742452 
-218.745082 
-218.747638 
-218.750122 
-218.752537 
-218.754888 
-218.757181 
-218.759423 
-218.761621 
-218.763784 
-218.765919 
-218.768036 
-218.770142 
-218.772248 
-218.774361 
-218.776492 
-218.778650 
-218.780843 
-218.783081 
-218.785371 
-218.787720 
-218.790135 
-218.792621 
-218.795181 
-218.797817 
-218.800529 
-218.803316 
-218.806175 
-218.809102 
-218.812093 
-218.815143 
-218.818248 
-218.821402 
-218.824600 
-218.827839 
-218.831114 
-218.834419 
-218.837749 
-218.841100 
-218.844465 
-218.847839 
-218.851216 
-218.854589 
-218.857953 
-218.861304 
-218.864636 
-218.867944 
-218.871226 
-218.874475 
-218.877688 
-218.880860 
-218.883985 
-218.887058 
-218.890072 
-218.893022 
-218.895902 
-218.898707 
-218.901433 
-218.904077 
-218.906636 
-218.909110 
-218.911498 
-218.913801 
-218.916022 
-218.918164 
-218.920229 
-218.922221 
-218.924144 
-218.926004 
-218.927803 
-218.929547 
-218.931240 
-218.932886 
-218.934489 
-218.936053 
-218.937583 
-218.939081 
-218.940552 
-218.942000 
-218.943427 
-218.944837 
-218.946234 
-218.947622 
-218.949002 
-218.950381 
-218.951760 
-218.953144 
-218.954537 
-218.955943 
-218.957366 
-218.958813 
-218.960287 
-218.961794 
-218.963340 
-218.964931 
-218.966573 
-218.968272 
-218.970036 
-218.971870 
-218.973781 
-218.975774 
-218.977855 
-218.980026 
-218.982291 
-218.984652 
-218.987109 
-218.989661 
-218.992306 
-218.995043 
-218.997867 
-219.000777 
-219.003771 
-219.006848 
-219.010008 
-219.013254 
-219.016590 
-219.020021 
-219.023554 
-219.027197 
-219.030960 
-219.034853 
-219.038889 
-219.043078 
-219.047433 
-219.051965 
-219.056684 
-219.061602 
-219.066726 
-219.072062 
-219.077612 
-219.083376 
-219.089352 
-219.095532 
-219.101907 
-219.108465 
-219.115193 
-219.122075 
-219.129095 
-219.136235 
-219.143478 
-219.150807 
-219.158203 
-219.165650 
-219.173130 
-219.180625 
-219.188117 
-219.195590 
-219.203024 
-219.210401 
-219.217703 
-219.224910 
-219.232006 
-219.238975 
-219.245804 
-219.252482 
-219.259003 
-219.265362 
-219.271560 
-219.277599 
-219.283486 
-219.289229 
-219.294837 
-219.300322 
-219.305695 
-219.310967 
-219.316150 
-219.321250 
-219.326277 
-219.331233 
-219.336122 
-219.340941 
-219.345687 
-219.350356 
-219.354939 
-219.359430 
-219.363819 
-219.368098 
-219.372261 
-219.376300 
-219.380212 
-219.383993 
-219.387642 
-219.391159 
-219.394547 
-219.397807 
-219.400944 
-219.403964 
-219.406872 
-219.409674 
-219.412377 
-219.414989 
-219.417515 
-219.419963 
-219.422339 
-219.424651 
-219.426906 
-219.429108 
-219.431266 
-219.433385 
-219.435471 
-219.437530 
-219.439568 
-219.441590 
-219.443604 
-219.445614 
-219.447626 
-219.449648 
-219.451685 
-219.453743 
-219.455831 
-219.457953 
-219.460118 
-219.462331 
-219.464600 
-219.466930 
-219.469326 
-219.471792 
-219.474331 
-219.476945 
-219.479631 
-219.482389 
-219.485213 
-219.488097 
-219.491036 
-219.494020 
-219.497042 
-219.500092 
-219.503163 
-219.506247 
-219.509336 
-219.512424 
-219.515505 
-219.518572 
-219.521620 
-219.524643 
-219.527636 
-219.530593 
-219.533510 
-219.536382 
-219.539205 
-219.541975 
-219.544691 
-219.547351 
-219.549954 
-219.552501 
-219.554993 
-219.557432 
-219.559822 
-219.562166 
-219.564469 
-219.566734 
-219.568968 
-219.571176 
-219.573364 
-219.575538 
-219.577704 
-219.579869 
-219.582038 
-219.584218 
-219.586416 
-219.588636 
-219.590885 
-219.593168 
-219.595490 
-219.597856 
-219.600271 
-219.602739 
-219.605264 
-219.607851 
-219.610505 
-219.613229 
-219.616027 
-219.618901 
-219.621855 
-219.624886 
-219.627990 
-219.631160 
-219.634384 
-219.637645 
-219.640924 
-219.644200 
-219.647449 
-219.650651 
-219.653789 
-219.656849 
-219.659821 
-219.662701 
-219.665488 
-219.668187 
-219.670802 
-219.673343 
-219.675818 
-219.678237 
-219.680610 
-219.682948 
-219.685261 
-219.687558 
-219.689849 
-219.692141 
-219.694441 
-219.696758 
-219.699096 
-219.701460 
-219.703855 
-219.706284 
-219.708748 
-219.711249 
-219.713785 
-219.716357 
-219.718962 
-219.721599 
-219.724265 
-219.726957 
-219.729674 
-219.732412 
-219.735171 
-219.737950 
-219.740748 
-219.743564 
-219.746400 
-219.749254 
-219.752127 
-219.755018 
-219.757926 
-219.760850 
-219.763787 
-219.766734 
-219.769690 
-219.772650 
-219.775615 
-219.778581 
-219.781549 
-219.784520 
-219.787496 
-219.790481 
-219.793480 
-219.796498 
-219.799541 
-219.802617 
-219.805732 
-219.808890 
-219.812096 
-219.815350 
-219.818653 
-219.822000 
-219.825384 
-219.828795 
-219.832220 
-219.835645 
-219.839054 
-219.842433 
-219.845765 
-219.849039 
-219.852243 
-219.855368 
-219.858411 
-219.861366 
-219.864233 
-219.867014 
-219.869713 
-219.872333 
-219.874881 
-219.877364 
-219.879791 
-219.882168 
-219.884507 
-219.886816 
-219.889105 
-219.891384 
-219.893663 
-219.895954 
-219.898268 
-219.900615 
-219.903007 
-219.905456 
-219.907974 
-219.910572 
-219.913264 
-219.916059 
-219.918972 
-219.922011 
-219.925187 
-219.928506 
-219.931974 
-219.935590 
-219.939349 
-219.943242 
-219.947253 
-219.951361 
-219.955540 
-219.959763 
-219.964000 
-219.968226 
-219.972414 
-219.976542 
-219.980594 
-219.984554 
-219.988413 
-219.992164 
-219.995801 
-219.999324 
-220.002732 
-220.006028 
-220.009213 
-220.012292 
-220.015271 
-220.018155 
-220.020950 
-220.023663 
-220.026302 
-220.028874 
-220.031385 
-220.033845 
-220.036260 
-220.038640 
-220.040991 
-220.043322 
-220.045641 
-220.047958 
-220.050282 
-220.052622 
-220.054988 
-220.057390 
-220.059839 
-220.062348 
-220.064927 
-220.067590 
-220.070350 
-220.073220 
-220.076213 
-220.079344 
-220.082626 
-220.086070 
-220.089689 
-220.093491 
-220.097485 
-220.101673 
-220.106058 
-220.110636 
-220.115400 
-220.120338 
-220.125436 
-220.130673 
-220.136026 
-220.141469 
-220.146974 
-220.152511 
-220.158051 
-220.163564 
-220.169024 
-220.174404 
-220.179683 
-220.184839 
-220.189858 
-220.194727 
-220.199436 
-220.203980 
-220.208355 
-220.212562 
-220.216602 
-220.220480 
-220.224202 
-220.227773 
-220.231201 
-220.234494 
-220.237661 
-220.240709 
-220.243648 
-220.246485 
-220.249228 
-220.251886 
-220.254467 
-220.256977 
-220.259425 
-220.261818 
-220.264162 
-220.266466 
-220.268738 
-220.270983 
-220.273212 
-220.275431 
-220.277650 
-220.279879 
-220.282129 
-220.284409 
-220.286734 
-220.289116 
-220.291570 
-220.294111 
-220.296756 
-220.299522 
-220.302424 
-220.305478 
-220.308697 
-220.312090 
-220.315662 
-220.319412 
-220.323330 
-220.327404 
-220.331612 
-220.335928 
-220.340326 
-220.344778 
-220.349256 
-220.353736 
-220.358196 
-220.362620 
-220.366991 
-220.371298 
-220.375529 
-220.379678 
-220.383738 
-220.387704 
-220.391572 
-220.395342 
-220.399012 
-220.402584 
-220.406059 
-220.409441 
-220.412735 
-220.415945 
-220.419078 
-220.422140 
-220.425139 
-220.428082 
-220.430976 
-220.433829 
-220.436647 
-220.439439 
-220.442208 
-220.444960 
-220.447700 
-220.450429 
-220.453149 
-220.455861 
-220.458564 
-220.461254 
-220.463931 
-220.466589 
-220.469225 
-220.471836 
-220.474417 
-220.476965 
-220.479477 
-220.481952 
-220.484389 
-220.486787 
-220.489148 
-220.491472 
-220.493762 
-220.496022 
-220.498255 
-220.500466 
-220.502659 
-220.504841 
-220.507016 
-220.509191 
-220.511373 
-220.513566 
-220.515779 
-220.518016 
-220.520283 
-220.522586 
-220.524929 
-220.527315 
-220.529747 
-220.532224 
-220.534746 
-220.537310 
-220.539913 
-220.542550 
-220.545214 
-220.547899 
-220.550598 
-220.553304 
-220.556013 
-220.558719 
-220.561418 
-220.564110 
-220.566792 
-220.569467 
-220.572135 
-220.574800 
-220.577465 
-220.580134 
-220.582812 
-220.585502 
-220.588207 
-220.590928 
-220.593668 
-220.596425 
-220.599197 
-220.601981 
-220.604772 
-220.607565 
-220.610355 
-220.613136 
-220.615904 
-220.618654 
-220.621385 
-220.624096 
-220.626789 
-220.629469 
-220.632139 
-220.634809 
-220.637488 
-220.640186 
-220.642915 
-220.645688 
-220.648516 
-220.651409 
-220.654378 
-220.657427 
-220.660558 
-220.663770 
-220.667054 
-220.670401 
-220.673796 
-220.677222 
-220.680665 
-220.684108 
-220.687540 
-220.690951 
-220.694335 
-220.697687 
-220.701005 
-220.704287 
-220.707532 
-220.710736 
-220.713897 
-220.717008 
-220.720064 
-220.723058 
-220.725985 
-220.728836 
-220.731608 
-220.734296 
-220.736897 
-220.739411 
-220.741838 
-220.744178 
-220.746436 
-220.748613 
-220.750714 
-220.752742 
-220.754702 
-220.756598 
-220.758435 
-220.760216 
-220.761946 
-220.763627 
-220.765265 
-220.766862 
-220.768420 
-220.769944 
-220.771435 
-220.772896 
-220.774329 
-220.775737 
-220.777120 
-220.778482 
-220.779822 
-220.781144 
-220.782449 
-220.783736 
-220.785009 
-220.786268 
-220.787513 
-220.788747 
-220.789969 
-220.791181 
-220.792384 
-220.793578 
-220.794764 
-220.795943 
-220.797116 
-220.798284 
-220.799447 
-220.800606 
-220.801762 
-220.802916 
-220.804069 
-220.805222 
-220.806376 
-220.807533 
-220.808694 
-220.809860 
-220.811034 
-220.812218 
-220.813413 
-220.814623 
-220.815849 
-220.817096 
-220.818366 
-220.819663 
-220.820992 
-220.822356 
-220.823760 
-220.825210 
-220.826711 
-220.828267 
-220.829885 
-220.831570 
-220.833326 
-220.835159 
-220.837073 
-220.839071 
-220.841154 
-220.843324 
-220.845580 
-220.847920 
-220.850340 
-220.852834 
-220.855397 
-220.858021 
-220.860699 
-220.863420 
-220.866175 
-220.868956 
-220.871753 
-220.874556 
-220.877356 
-220.880145 
-220.882915 
-220.885657 
-220.888367 
-220.891038 
-220.893665 
-220.896247 
-220.898781 
-220.901266 
-220.903702 
-220.906092 
-220.908438 
-220.910743 
-220.913012 
-220.915250 
-220.917462 
-220.919655 
-220.921836 
-220.924012 
-220.926191 
-220.928382 
-220.930593 
-220.932834 
-220.935116 
-220.937448 
-220.939841 
-220.942306 
-220.944856 
-220.947499 
-220.950249 
-220.953113 
-220.956102 
-220.959220 
-220.962472 
-220.965859 
-220.969376 
-220.973015 
-220.976764 
-220.980607 
-220.984523 
-220.988491 
-220.992488 
-220.996493 
-221.000487 
-221.004451 
-221.008373 
-221.012239 
-221.016042 
-221.019774 
-221.023430 
-221.027005 
-221.030498 
-221.033904 
-221.037224 
-221.040455 
-221.043598 
-221.046653 
-221.049623 
-221.052510 
-221.055318 
-221.058051 
-221.060716 
-221.063318 
-221.065865 
-221.068364 
-221.070821 
-221.073246 
-221.075645 
-221.078026 
-221.080397 
-221.082764 
-221.085132 
-221.087508 
-221.089895 
-221.092296 
-221.094713 
-221.097146 
-221.099593 
-221.102052 
-221.104519 
-221.106989 
-221.109457 
-221.111917 
-221.114365 
-221.116795 
-221.119203 
-221.121587 
-221.123944 
-221.126274 
-221.128579 
-221.130860 
-221.133120 
-221.135362 
-221.137593 
-221.139815 
-221.142035 
-221.144256 
-221.146484 
-221.148721 
-221.150970 
-221.153231 
-221.155505 
-221.157789 
-221.160080 
-221.162373 
-221.164662 
-221.166940 
-221.169200 
-221.171435 
-221.173638 
-221.175803 
-221.177926 
-221.180002 
-221.182031 
-221.184010 
-221.185940 
-221.187823 
-221.189661 
-221.191458 
-221.193219 
-221.194949 
-221.196653 
-221.198337 
-221.200009 
-221.201675 
-221.203343 
-221.205020 
-221.206715 
-221.208433 
-221.210183 
-221.211971 
-221.213803 
-221.215684 
-221.217615 
-221.219598 
-221.221632 
-221.223712 
-221.225832 
-221.227984 
-221.230155 
-221.232336 
-221.234512 
-221.236672 
-221.238804 
-221.240899 
-221.242946 
-221.244941 
-221.246877 
-221.248754 
-221.250568 
-221.252322 
-221.254016 
-221.255652 
-221.257233 
-221.258763 
-221.260246 
-221.261686 
-221.263085 
-221.264450 
-221.265782 
-221.267087 
-221.268368 
-221.269628 
-221.270872 
-221.272103 
-221.273325 
-221.274541 
-221.275755 
-221.276971 
-221.278192 
-221.279421 
-221.280663 
-221.281922 
-221.283200 
-221.284503 
-221.285835 
-221.287198 
-221.288598 
-221.290038 
-221.291522 
-221.293053 
-221.294634 
-221.296267 
-221.297954 
-221.299695 
-221.301490 
-221.303336 
-221.305232 
-221.307174 
-221.309157 
-221.311176 
-221.313225 
-221.315298 
-221.317389 
-221.319493 
-221.321606 
-221.323723 
-221.325842 
-221.327961 
-221.330082 
-221.332204 
-221.334331 
-221.336466 
-221.338613 
-221.340778 
-221.342968 
-221.345189 
-221.347449 
-221.349756 
-221.352117 
-221.354540 
-221.357033 
-221.359602 
-221.362254 
-221.364992 
-221.367821 
-221.370741 
-221.373752 
-221.376851 
-221.380032 
-221.383287 
-221.386604 
-221.389970 
-221.393368 
-221.396780 
-221.400185 
-221.403564 
-221.406897 
-221.410166 
-221.413357 
-221.416456 
-221.419454 
-221.422346 
-221.425126 
-221.427796 
-221.430356 
-221.432810 
-221.435162 
-221.437418 
-221.439585 
-221.441669 
-221.443677 
-221.445618 
-221.447497 
-221.449323 
-221.451103 
-221.452845 
-221.454555 
-221.456241 
-221.457910 
-221.459570 
-221.461228 
-221.462892 
-221.464567 
-221.466262 
-221.467982 
-221.469734 
-221.471523 
-221.473353 
-221.475228 
-221.477148 
-221.479115 
-221.481125 
-221.483177 
-221.485264 
-221.487381 
-221.489519 
-221.491671 
-221.493828 
-221.495984 
-221.498132 
-221.500265 
-221.502380 
-221.504475 
-221.506549 
-221.508603 
-221.510639 
-221.512661 
-221.514674 
-221.516684 
-221.518699 
-221.520727 
-221.522775 
-221.524854 
-221.526971 
-221.529136 
-221.531357 
-221.533643 
-221.536001 
-221.538436 
-221.540954 
-221.543556 
-221.546243 
-221.549012 
-221.551860 
-221.554778 
-221.557757 
-221.560787 
-221.563853 
-221.566944 
-221.570043 
-221.573137 
-221.576214 
-221.579261 
-221.582270 
-221.585231 
-221.588140 
-221.590994 
-221.593793 
-221.596537 
-221.599231 
-221.601880 
-221.604491 
-221.607074 
-221.609637 
-221.612191 
-221.614748 
-221.617321 
-221.619921 
-221.622561 
-221.625252 
-221.628008 
-221.630838 
-221.633752 
-221.636757 
-221.639859 
-221.643059 
-221.646359 
-221.649754 
-221.653240 
-221.656807 
-221.660445 
-221.664141 
-221.667881 
-221.671652 
-221.675440 
-221.679234 
-221.683023 
-221.686798 
-221.690551 
-221.694277 
-221.697974 
-221.701638 
-221.705269 
-221.708865 
-221.712427 
-221.715954 
-221.719448 
-221.722908 
-221.726335 
-221.729728 
-221.733087 
-221.736411 
-221.739698 
-221.742947 
-221.746157 
-221.749323 
-221.752444 
-221.755517 
-221.758540 
-221.761510 
-221.764427 
-221.767289 
-221.770097 
-221.772852 
-221.775555 
-221.778210 
-221.780821 
-221.783392 
-221.785928 
-221.788434 
-221.790916 
-221.793378 
-221.795827 
-221.798265 
-221.800695 
-221.803120 
-221.805540 
-221.807954 
-221.810359 
-221.812753 
-221.815130 
-221.817485 
-221.819812 
-221.822104 
-221.824356 
-221.826561 
-221.828715 
-221.830814 
-221.832854 
-221.834833 
-221.836749 
-221.838602 
-221.840392 
-221.842121 
-221.843789 
-221.845399 
-221.846953 
-221.848453 
-221.849903 
-221.851306 
-221.852665 
-221.853982 
-221.855261 
-221.856506 
-221.857720 
-221.858905 
-221.860065 
-221.861204 
-221.862325 
-221.863431 
-221.864527 
-221.865615 
-221.866699 
-221.867784 
-221.868873 
-221.869972 
-221.871084 
-221.872216 
-221.873372 
-221.874558 
-221.875780 
-221.877044 
-221.878357 
-221.879726 
-221.881156 
-221.882655 
-221.884227 
-221.885878 
-221.887613 
-221.889432 
-221.891339 
-221.893331 
-221.895406 
-221.897561 
-221.899789 
-221.902084 
-221.904439 
-221.906849 
-221.909306 
-221.911806 
-221.914346 
-221.916922 
-221.919534 
-221.922182 
-221.924865 
-221.927585 
-221.930341 
-221.933135 
-221.935965 
-221.938833 
-221.941737 
-221.944677 
-221.947652 
-221.950662 
-221.953707 
-221.956788 
-221.959905 
-221.963059 
-221.966250 
-221.969480 
-221.972748 
-221.976055 
-221.979397 
-221.982775 
-221.986187 
-221.989629 
-221.993100 
-221.996599 
-222.000123 
-222.003672 
-222.007245 
-222.010841 
-222.014461 
-222.018103 
-222.021768 
-222.025454 
-222.029159 
-222.032881 
-222.036616 
-222.040362 
-222.044114 
-222.047869 
-222.051622 
-222.055371 
-222.059113 
-222.062845 
-222.066564 
-222.070268 
-222.073956 
-222.077623 
-222.081267 
-222.084883 
-222.088465 
-222.092006 
-222.095498 
-222.098933 
-222.102303 
-222.105598 
-222.108810 
-222.111934 
-222.114963 
-222.117893 
-222.120722 
-222.123449 
-222.126074 
-222.128598 
-222.131024 
-222.133355 
-222.135595 
-222.137748 
-222.139819 
-222.141812 
-222.143732 
-222.145584 
-222.147371 
-222.149099 
-222.150771 
-222.152391 
-222.153964 
-222.155492 
-222.156979 
-222.158428 
-222.159842 
-222.161224 
-222.162577 
-222.163902 
-222.165203 
-222.166481 
-222.167739 
-222.168979 
-222.170202 
-222.171412 
-222.172609 
-222.173796 
-222.174975 
-222.176147 
-222.177315 
-222.178481 
-222.179646 
-222.180814 
-222.181986 
-222.183165 
-222.184353 
-222.185553 
-222.186769 
-222.188002 
-222.189256 
-222.190534 
-222.191839 
-222.193175 
-222.194543 
-222.195947 
-222.197389 
-222.198871 
-222.200393 
-222.201957 
-222.203561 
-222.205203 
-222.206881 
-222.208590 
-222.210326 
-222.212083 
-222.213854 
-222.215632 
-222.217411 
-222.219182 
-222.220941 
-222.222680 
-222.224395 
-222.226082 
-222.227737 
-222.229359 
-222.230947 
-222.232500 
-222.234018 
-222.235503 
-222.236957 
-222.238383 
-222.239782 
-222.241158 
-222.242516 
-222.243858 
-222.245189 
-222.246513 
-222.247835 
-222.249160 
-222.250492 
-222.251836 
-222.253198 
-222.254583 
-222.255995 
-222.257440 
-222.258921 
-222.260441 
-222.262004 
-222.263610 
-222.265260 
-222.266950 
-222.268679 
-222.270439 
-222.272225 
-222.274028 
-222.275839 
-222.277648 
-222.279445 
-222.281221 
-222.282968 
-222.284678 
-222.286346 
-222.287967 
-222.289537 
-222.291056 
-222.292521 
-222.293935 
-222.295297 
-222.296609 
-222.297873 
-222.299092 
-222.300269 
-222.301406 
-222.302505 
-222.303571 
-222.304604 
-222.305609 
-222.306587 
-222.307541 
-222.308473 
-222.309387 
-222.310283 
-222.311164 
-222.312032 
-222.312890 
-222.313740 
-222.314582 
-222.315421 
-222.316257 
-222.317094 
-222.317932 
-222.318776 
-222.319627 
-222.320488 
-222.321362 
-222.322251 
-222.323160 
-222.324091 
-222.325048 
-222.326036 
-222.327058 
-222.328118 
-222.329222 
-222.330374 
-222.331579 
-222.332842 
-222.334169 
-222.335565 
-222.337034 
-222.338582 
-222.340213 
-222.341930 
-222.343737 
-222.345636 
-222.347627 
-222.349711 
-222.351884 
-222.354143 
-222.356481 
-222.358889 
-222.361357 
-222.363872 
-222.366419 
-222.368982 
-222.371545 
-222.374092 
-222.376607 
-222.379076 
-222.381487 
-222.383831 
-222.386100 
-222.388290 
-222.390397 
-222.392421 
-222.394361 
-222.396219 
-222.397999 
-222.399703 
-222.401336 
-222.402900 
-222.404401 
-222.405843 
-222.407229 
-222.408563 
-222.409850 
-222.411092 
-222.412293 
-222.413457 
-222.414586 
-222.415683 
-222.416750 
-222.417790 
-222.418806 
-222.419798 
-222.420770 
-222.421722 
-222.422658 
-222.423577 
-222.424482 
-222.425375 
-222.426256 
-222.427128 
-222.427991 
-222.428846 
-222.429696 
-222.430541 
-222.431383 
-222.432222 
-222.433061 
-222.433901 
-222.434743 
-222.435589 
-222.436440 
-222.437298 
-222.438164 
-222.439042 
-222.439932 
-222.440836 
-222.441758 
-222.442700 
-222.443663 
-222.444651 
-222.445666 
-222.446711 
-222.447789 
-222.448904 
-222.450057 
-222.451253 
-222.452492 
-222.453779 
-222.455115 
-222.456501 
-222.457940 
-222.459431 
-222.460976 
-222.462572 
-222.464220 
-222.465918 
-222.467663 
-222.469454 
-222.471288 
-222.473163 
-222.475075 
-222.477024 
-222.479008 
-222.481026 
-222.483078 
-222.485163 
-222.487283 
-222.489440 
-222.491634 
-222.493868 
-222.496144 
-222.498463 
-222.500827 
-222.503237 
-222.505694 
-222.508198 
-222.510748 
-222.513342 
-222.515979 
-222.518655 
-222.521366 
-222.524107 
-222.526873 
-222.529655 
-222.532447 
-222.535241 
-222.538026 
-222.540793 
-222.543533 
-222.546238 
-222.548897 
-222.551504 
-222.554052 
-222.556535 
-222.558949 
-222.561291 
-222.563560 
-222.565755 
-222.567876 
-222.569925 
-222.571904 
-222.573815 
-222.575661 
-222.577446 
-222.579173 
-222.580846 
-222.582470 
-222.584047 
-222.585582 
-222.587079 
-222.588543 
-222.589976 
-222.591384 
-222.592770 
-222.594140 
-222.595496 
-222.596844 
-222.598188 
-222.599533 
-222.600885 
-222.602248 
-222.603629 
-222.605033 
-222.606466 
-222.607936 
-222.609449 
-222.611014 
-222.612638 
-222.614329 
-222.616096 
-222.617947 
-222.619891 
-222.621936 
-222.624090 
-222.626359 
-222.628749 
-222.631264 
-222.633906 
-222.636678 
-222.639577 
-222.642602 
-222.645748 
-222.649010 
-222.652380 
-222.655851 
-222.659415 
-222.663060 
-222.666778 
-222.670558 
-222.674389 
-222.678261 
-222.682161 
-222.686079 
-222.690005 
-222.693928 
-222.697839 
-222.701728 
-222.705587 
-222.709410 
-222.713189 
-222.716918 
-222.720594 
-222.724213 
-222.727771 
-222.731267 
-222.734701 
-222.738074 
-222.741386 
-222.744641 
-222.747842 
-222.750994 
-222.754100 
-222.757167 
-222.760198 
-222.763200 
-222.766177 
-222.769132 
-222.772068 
-222.774986 
-222.777887 
-222.780769 
-222.783629 
-222.786464 
-222.789268 
-222.792036 
-222.794763 
-222.797441 
-222.800067 
-222.802635 
-222.805141 
-222.807582 
-222.809958 
-222.812266 
-222.814508 
-222.816684 
-222.818798 
-222.820851 
-222.822847 
-222.824791 
-222.826687 
-222.828541 
-222.830357 
-222.832141 
-222.833899 
-222.835637 
-222.837361 
-222.839078 
-222.840794 
-222.842514 
-222.844246 
-222.845995 
-222.847765 
-222.849561 
-222.851388 
-222.853245 
-222.855136 
-222.857058 
-222.859009 
-222.860985 
-222.862981 
-222.864988 
-222.866999 
-222.869005 
-222.870998 
-222.872970 
-222.874912 
-222.876819 
-222.878684 
-222.880505 
-222.882279 
-222.884005 
-222.885682 
-222.887313 
-222.888899 
-222.890444 
-222.891950 
-222.893423 
-222.894866 
-222.896286 
-222.897686 
-222.899074 
-222.900455 
-222.901835 
-222.903221 
-222.904619 
-222.906037 
-222.907481 
-222.908959 
-222.910476 
-222.912039 
-222.913653 
-222.915324 
-222.917055 
-222.918848 
-222.920702 
-222.922617 
-222.924588 
-222.926611 
-222.928679 
-222.930783 
-222.932915 
-222.935069 
-222.937236 
-222.939411 
-222.941590 
-222.943771 
-222.945954 
-222.948142 
-222.950338 
-222.952548 
-222.954778 
-222.957034 
-222.959323 
-222.961652 
-222.964026 
-222.966450 
-222.968926 
-222.971456 
-222.974037 
-222.976668 
-222.979342 
-222.982055 
-222.984798 
-222.987563 
-222.990341 
-222.993125 
-222.995905 
-222.998674 
-223.001425 
-223.004151 
-223.006845 
-223.009504 
-223.012122 
-223.014695 
-223.017219 
-223.019693 
-223.022114 
-223.024480 
-223.026793 
-223.029052 
-223.031259 
-223.033414 
-223.035522 
-223.037586 
-223.039610 
-223.041597 
-223.043555 
-223.045488 
-223.047402 
-223.049304 
-223.051202 
-223.053102 
-223.055012 
-223.056939 
-223.058892 
-223.060878 
-223.062905 
-223.064980 
-223.067110 
-223.069301 
-223.071559 
-223.073887 
-223.076289 
-223.078768 
-223.081324 
-223.083958 
-223.086668 
-223.089453 
-223.092310 
-223.095237 
-223.098231 
-223.101287 
-223.104403 
-223.107574 
-223.110796 
-223.114066 
-223.117377 
-223.120725 
-223.124104 
-223.127509 
-223.130934 
-223.134373 
-223.137821 
-223.141272 
-223.144723 
-223.148167 
-223.151600 
-223.155018 
-223.158418 
-223.161795 
-223.165148 
-223.168473 
-223.171771 
-223.175041 
-223.178285 
-223.181505 
-223.184704 
-223.187888 
-223.191060 
-223.194228 
-223.197397 
-223.200574 
-223.203764 
-223.206973 
-223.210207 
-223.213469 
-223.216763 
-223.220092 
-223.223456 
-223.226855 
-223.230291 
-223.233760 
-223.237260 
-223.240787 
-223.244338 
-223.247907 
-223.251490 
-223.255080 
-223.258672 
-223.262259 
-223.265835 
-223.269394 
-223.272929 
-223.276433 
-223.279900 
-223.283323 
-223.286695 
-223.290009 
-223.293260 
-223.296442 
-223.299549 
-223.302577 
-223.305523 
-223.308384 
-223.311158 
-223.313844 
-223.316443 
-223.318956 
-223.321383 
-223.323727 
-223.325989 
-223.328174 
-223.330283 
-223.332321 
-223.334289 
-223.336192 
-223.338033 
-223.339814 
-223.341540 
-223.343212 
-223.344835 
-223.346409 
-223.347939 
-223.349427 
-223.350874 
-223.352283 
-223.353656 
-223.354995 
-223.356302 
-223.357578 
-223.358824 
-223.360043 
-223.361235 
-223.362403 
-223.363546 
-223.364666 
-223.365765 
-223.366843 
-223.367900 
-223.368939 
-223.369960 
-223.370963 
-223.371950 
-223.372921 
-223.373877 
-223.374818 
-223.375745 
-223.376660 
-223.377562 
-223.378452 
-223.379331 
-223.380200 
-223.381059 
-223.381909 
-223.382750 
-223.383583 
-223.384409 
-223.385229 
-223.386044 
-223.386853 
-223.387659 
-223.388461 
-223.389262 
-223.390061 
-223.390861 
-223.391662 
-223.392465 
-223.393272 
-223.394085 
-223.394906 
-223.395735 
-223.396576 
-223.397431 
-223.398302 
-223.399192 
-223.400105 
-223.401044 
-223.402014 
-223.403019 
-223.404063 
-223.405154 
-223.406296 
-223.407496 
-223.408762 
-223.410100 
-223.411519 
-223.413026 
-223.414628 
-223.416332 
-223.418143 
-223.420064 
-223.422098 
-223.424244 
-223.426496 
-223.428849 
-223.431292 
-223.433812 
-223.436397 
-223.439029 
-223.441693 
-223.444373 
-223.447052 
-223.449719 
-223.452359 
-223.454962 
-223.457519 
-223.460023 
-223.462466 
-223.464846 
-223.467159 
-223.469402 
-223.471574 
-223.473676 
-223.475709 
-223.477673 
-223.479570 
-223.481403 
-223.483175 
-223.484888 
-223.486547 
-223.488154 
-223.489714 
-223.491230 
-223.492706 
-223.494147 
-223.495556 
-223.496937 
-223.498296 
-223.499636 
-223.500961 
-223.502278 
-223.503590 
-223.504902 
-223.506219 
-223.507547 
-223.508892 
-223.510257 
-223.511650 
-223.513075 
-223.514537 
-223.516043 
-223.517597 
-223.519202 
-223.520864 
-223.522584 
-223.524364 
-223.526205 
-223.528106 
-223.530065 
-223.532080 
-223.534147 
-223.536262 
-223.538420 
-223.540617 
-223.542847 
-223.545107 
-223.547393 
-223.549703 
-223.552034 
-223.554385 
-223.556753 
-223.559139 
-223.561539 
-223.563951 
-223.566372 
-223.568796 
-223.571219 
-223.573634 
-223.576033 
-223.578407 
-223.580750 
-223.583054 
-223.585310 
-223.587513 
-223.589658 
-223.591740 
-223.593756 
-223.595707 
-223.597590 
-223.599407 
-223.601159 
-223.602848 
-223.604476 
-223.606047 
-223.607563 
-223.609028 
-223.610444 
-223.611815 
-223.613144 
-223.614433 
-223.615686 
-223.616905 
-223.618092 
-223.619250 
-223.620382 
-223.621488 
-223.622571 
-223.623633 
-223.624674 
-223.625697 
-223.626703 
-223.627693 
-223.628668 
-223.629629 
-223.630577 
-223.631513 
-223.632438 
-223.633352 
-223.634257 
-223.635153 
-223.636040 
-223.636920 
-223.637793 
-223.638660 
-223.639521 
-223.640377 
-223.641228 
-223.642076 
-223.642921 
-223.643764 
-223.644605 
-223.645445 
-223.646286 
-223.647129 
-223.647974 
-223.648823 
-223.649676 
-223.650537 
-223.651405 
-223.652284 
-223.653174 
-223.654078 
-223.654999 
-223.655938 
-223.656900 
-223.657885 
-223.658898 
-223.659942 
-223.661020 
-223.662135 
-223.663291 
-223.664490 
-223.665734 
-223.667027 
-223.668368 
-223.669758 
-223.671197 
-223.672682 
-223.674210 
-223.675777 
-223.677375 
-223.679000 
-223.680644 
-223.682298 
-223.683954 
-223.685606 
-223.687245 
-223.688867 
-223.690464 
-223.692034 
-223.693573 
-223.695079 
-223.696552 
-223.697991 
-223.699399 
-223.700777 
-223.702127 
-223.703454 
-223.704759 
-223.706049 
-223.707326 
-223.708596 
-223.709864 
-223.711133 
-223.712411 
-223.713700 
-223.715007 
-223.716336 
-223.717691 
-223.719076 
-223.720495 
-223.721950 
-223.723444 
-223.724977 
-223.726549 
-223.728160 
-223.729808 
-223.731490 
-223.733202 
-223.734941 
-223.736703 
-223.738484 
-223.740279 
-223.742087 
-223.743904 
-223.745729 
-223.747563 
-223.749405 
-223.751258 
-223.753126 
-223.755012 
-223.756923 
-223.758863 
-223.760841 
-223.762863 
-223.764938 
-223.767075 
-223.769282 
-223.771566 
-223.773936 
-223.776399 
-223.778961 
-223.781626 
-223.784397 
-223.787274 
-223.790256 
-223.793337 
-223.796512 
-223.799770 
-223.803099 
-223.806483 
-223.809907 
-223.813354 
-223.816804 
-223.820242 
-223.823649 
-223.827011 
-223.830314 
-223.833548 
-223.836703 
-223.839773 
-223.842756 
-223.845647 
-223.848449 
-223.851163 
-223.853792 
-223.856340 
-223.858813 
-223.861217 
-223.863560 
-223.865848 
-223.868089 
-223.870291 
-223.872463 
-223.874612 
-223.876748 
-223.878880 
-223.881014 
-223.883161 
-223.885326 
-223.887518 
-223.889741 
-223.892000 
-223.894297 
-223.896634 
-223.899007 
