-109.570341 
-109.568415 
-109.566494 
-109.565240 
-109.564427 
-109.563904 
-109.563586 
-109.563417 
-109.563364 
-109.563404 
-109.563520 
-109.563702 
-109.563942 
-109.564233 
-109.564571 
-109.564952 
-109.565375 
-109.565837 
-109.566337 
-109.566874 
-109.567448 
-109.568059 
-109.568707 
-109.569393 
-109.570116 
-109.570877 
-109.571678 
-109.572520 
-109.573405 
-109.574332 
-109.575306 
-109.576327 
-109.577397 
-109.578520 
-109.579697 
-109.580933 
-109.582229 
-109.583590 
-109.585019 
-109.586521 
-109.588102 
-109.589765 
-109.591518 
-109.593367 
-109.595320 
-109.597384 
-109.599569 
-109.601887 
-109.604349 
-109.606968 
-109.609761 
-109.612747 
-109.615945 
-109.619382 
-109.623085 
-109.627091 
-109.631439 
-109.636181 
-109.641376 
-109.647100 
-109.653446 
-109.660531 
-109.668505 
-109.677562 
-109.687955 
-109.700018 
-109.714196 
-109.731084 
-109.751475 
-109.776409 
-109.807201 
-109.845432 
-109.892845 
-109.951144 
-110.021738 
-110.105526 
-110.202839 
-110.313581 
-110.437472 
-110.574221 
-110.723518 
-110.884882 
-111.057540 
-111.240506 
-111.432920 
-111.634492 
-111.845758 
-112.068117 
-112.303699 
-112.555164 
-112.825371 
-113.116854 
-113.431231 
-113.768912 
-114.129417 
-114.512033 
-114.916414 
-115.342894 
-115.792533 
-116.266872 
-116.767442 
-117.295166 
-117.849872 
-118.430233 
-119.034310 
-119.660472 
-120.308060 
-120.977304 
-121.668710 
-122.382563 
-123.118986 
-123.878311 
-124.661235 
-125.468698 
-126.301783 
-127.161816 
-128.050394 
-128.969108 
-129.919093 
-130.900716 
-131.913546 
-132.956574 
-134.028597 
-135.128586 
-136.255788 
-137.409531 
-138.588893 
-139.792423 
-141.018072 
-142.263407 
-143.526024 
-144.803909 
-146.095578 
-147.400000 
-148.716375 
-150.043712 
-151.380249 
-152.723126 
-154.068712 
-155.413419 
-156.754462 
-158.090085 
-159.419153 
-160.740473 
-162.052373 
-163.352767 
-164.639430 
-165.910092 
-167.162256 
-168.392986 
-169.598959 
-170.776824 
-171.923729 
-173.037771 
-174.118108 
-175.164703 
-176.177984 
-177.158658 
-178.107648 
-179.026021 
-179.914828 
-180.774913 
-181.606816 
-182.410860 
-183.187329 
-183.936564 
-184.658922 
-185.354696 
-186.024112 
-186.667433 
-187.285085 
-187.877753 
-188.446401 
-188.992239 
-189.516643 
-190.021034 
-190.506686 
-190.974514 
-191.424985 
-191.858286 
-192.274656 
-192.674551 
-193.058586 
-193.427410 
-193.781643 
-194.121815 
-194.448318 
-194.761407 
-195.061340 
-195.348566 
-195.623811 
-195.888004 
-196.142090 
-196.386895 
-196.623081 
-196.851217 
-197.071883 
-197.285797 
-197.493914 
-197.697507 
-197.898107 
-198.097099 
-198.294703 
-198.489137 
-198.677457 
-198.857287 
-199.027543 
-199.188153 
-199.339631 
-199.482825 
-199.618854 
-199.749092 
-199.875017 
-199.997718 
-200.117213 
-200.232444 
-200.342219 
-200.445939 
-200.543600 
-200.635516 
-200.722111 
-200.803835 
-200.881140 
-200.954476 
-201.024324 
-201.091244 
-201.155945 
-201.219363 
-201.282668 
-201.347081 
-201.413395 
-201.481459 
-201.550135 
-201.617944 
-201.683800 
-201.747262 
-201.808376 
-201.867439 
-201.924850 
-201.981065 
-202.036609 
-202.092062 
-202.147914 
-202.204236 
-202.260461 
-202.315620 
-202.368849 
-202.419665 
-202.467936 
-202.513747 
-202.557287 
-202.598793 
-202.638518 
-202.676726 
-202.713694 
-202.749720 
-202.785136 
-202.820331 
-202.855779 
-202.892056 
-202.929741 
-202.969049 
-203.009385 
-203.049512 
-203.088285 
-203.125084 
-203.159736 
-203.192308 
-203.222956 
-203.251847 
-203.279134 
-203.304946 
-203.329394 
-203.352572 
-203.374560 
-203.395433 
-203.415255 
-203.434086 
-203.451983 
-203.468996 
-203.485177 
-203.500571 
-203.515225 
-203.529181 
-203.542481 
-203.555166 
-203.567277 
-203.578852 
-203.589930 
-203.600550 
-203.610749 
-203.620566 
-203.630038 
-203.639203 
-203.648096 
-203.656753 
-203.665207 
-203.673488 
-203.681621 
-203.689630 
-203.697529 
-203.705331 
-203.713043 
-203.720667 
-203.728204 
-203.735652 
-203.743014 
-203.750294 
-203.757499 
-203.764646 
-203.771755 
-203.778856 
-203.785982 
-203.793172 
-203.800466 
-203.807905 
-203.815526 
-203.823359 
-203.831426 
-203.839738 
-203.848297 
-203.857104 
-203.866172 
-203.875558 
-203.885410 
-203.896045 
-203.908052 
-203.922398 
-203.940479 
-203.963939 
-203.993993 
-204.030271 
-204.070361 
-204.111091 
-204.150168 
-204.186581 
-204.220186 
-204.251251 
-204.280196 
-204.307485 
-204.333607 
-204.359107 
-204.384652 
-204.411109 
-204.439551 
-204.470987 
-204.505649 
-204.542415 
-204.579418 
-204.615194 
-204.649027 
-204.680699 
-204.710220 
-204.737696 
-204.763262 
-204.787064 
-204.809246 
-204.829946 
-204.849302 
-204.867455 
-204.884555 
-204.900773 
-204.916300 
-204.931362 
-204.946217 
-204.961166 
-204.976571 
-204.992903 
-205.010807 
-205.031080 
-205.054332 
-205.080321 
-205.107763 
-205.135102 
-205.161312 
-205.186008 
-205.209193 
-205.231019 
-205.251670 
-205.271302 
-205.290039 
-205.307970 
-205.325159 
-205.341649 
-205.357474 
-205.372658 
-205.387223 
-205.401190 
-205.414578 
-205.427411 
-205.439711 
-205.451508 
-205.462832 
-205.473721 
-205.484214 
-205.494355 
-205.504191 
-205.513778 
-205.523187 
-205.532521 
-205.541949 
-205.551749 
-205.562354 
-205.574375 
-205.588531 
-205.605355 
-205.624735 
-205.645704 
-205.666915 
-205.687313 
-205.706382 
-205.724020 
-205.740343 
-205.755553 
-205.769887 
-205.783611 
-205.797052 
-205.810644 
-205.824983 
-205.840820 
-205.858877 
-205.879425 
-205.901860 
-205.924893 
-205.947270 
-205.968247 
-205.987569 
-206.005271 
-206.021508 
-206.036469 
-206.050333 
-206.063260 
-206.075384 
-206.086817 
-206.097652 
-206.107968 
-206.117832 
-206.127299 
-206.136419 
-206.145234 
-206.153781 
-206.162095 
-206.170205 
-206.178136 
-206.185913 
-206.193557 
-206.201085 
-206.208514 
-206.215856 
-206.223120 
-206.230314 
-206.237439 
-206.244494 
-206.251474 
-206.258370 
-206.265172 
-206.271866 
-206.278436 
-206.284868 
-206.291149 
-206.297266 
-206.303211 
-206.308976 
-206.314559 
-206.319958 
-206.325177 
-206.330219 
-206.335092 
-206.339805 
-206.344371 
-206.348805 
-206.353122 
-206.357345 
-206.361495 
-206.365602 
-206.369696 
-206.373818 
-206.378014 
-206.382344 
-206.386889 
-206.391756 
-206.397093 
-206.403110 
-206.410108 
-206.418519 
-206.428916 
-206.441881 
-206.457626 
-206.475555 
-206.494414 
-206.512984 
-206.530553 
-206.546885 
-206.562030 
-206.576183 
-206.589612 
-206.602668 
-206.615808 
-206.629639 
-206.644907 
-206.662347 
-206.682328 
-206.704473 
-206.727690 
-206.750740 
-206.772759 
-206.793365 
-206.812506 
-206.830292 
-206.846894 
-206.862481 
-206.877207 
-206.891197 
-206.904553 
-206.917357 
-206.929672 
-206.941548 
-206.953021 
-206.964117 
-206.974856 
-206.985247 
-206.995298 
-207.005011 
-207.014388 
-207.023432 
-207.032148 
-207.040545 
-207.048635 
-207.056432 
-207.063956 
-207.071230 
-207.078279 
-207.085134 
-207.091834 
-207.098425 
-207.104969 
-207.111546 
-207.118262 
-207.125255 
-207.132705 
-207.140857 
-207.150052 
-207.160774 
-207.173668 
-207.189393 
-207.208187 
-207.229376 
-207.251564 
-207.273433 
-207.294239 
-207.313758 
-207.332053 
-207.349300 
-207.365696 
-207.381420 
-207.396624 
-207.411429 
-207.425930 
-207.440198 
-207.454287 
-207.468232 
-207.482058 
-207.495775 
-207.509383 
-207.522872 
-207.536224 
-207.549412 
-207.562407 
-207.575182 
-207.587723 
-207.600041 
-207.612207 
-207.624390 
-207.636917 
-207.650353 
-207.665530 
-207.683422 
-207.704713 
-207.729185 
-207.755584 
-207.782279 
-207.808066 
-207.832387 
-207.855130 
-207.876388 
-207.896312 
-207.915047 
-207.932713 
-207.949408 
-207.965206 
-207.980170 
-207.994355 
-208.007810 
-208.020579 
-208.032708 
-208.044238 
-208.055211 
-208.065670 
-208.075653 
-208.085199 
-208.094345 
-208.103125 
-208.111572 
-208.119716 
-208.127583 
-208.135199 
-208.142584 
-208.149759 
-208.156740 
-208.163542 
-208.170177 
-208.176655 
-208.182987 
-208.189179 
-208.195238 
-208.201169 
-208.206978 
-208.212671 
-208.218251 
-208.223725 
-208.229097 
-208.234374 
-208.239562 
-208.244668 
-208.249702 
-208.254670 
-208.259582 
-208.264448 
-208.269277 
-208.274079 
-208.278864 
-208.283639 
-208.288412 
-208.293186 
-208.297966 
-208.302748 
-208.307529 
-208.312301 
-208.317055 
-208.321777 
-208.326455 
-208.331078 
-208.335635 
-208.340118 
-208.344521 
-208.348842 
-208.353079 
-208.357233 
-208.361306 
-208.365298 
-208.369212 
-208.373048 
-208.376810 
-208.380503 
-208.384133 
-208.387714 
-208.391262 
-208.394804 
-208.398375 
-208.402024 
-208.405822 
-208.409869 
-208.414308 
-208.419339 
-208.425237 
-208.432392 
-208.441362 
-208.452871 
-208.467572 
-208.485448 
-208.505448 
-208.526073 
-208.546261 
-208.565644 
-208.584339 
-208.602714 
-208.621274 
-208.640642 
-208.661514 
-208.684469 
-208.709525 
-208.735831 
-208.762058 
-208.787122 
-208.810487 
-208.832046 
-208.851914 
-208.870285 
-208.887361 
-208.903326 
-208.918334 
-208.932517 
-208.945982 
-208.958821 
-208.971109 
-208.982913 
-208.994286 
-209.005275 
-209.015917 
-209.026243 
-209.036278 
-209.046041 
-209.055548 
-209.064813 
-209.073850 
-209.082675 
-209.091304 
-209.099757 
-209.108060 
-209.116240 
-209.124326 
-209.132351 
-209.140343 
-209.148331 
-209.156336 
-209.164375 
-209.172464 
-209.180632 
-209.188941 
-209.197534 
-209.206688 
-209.216875 
-209.228805 
-209.243339 
-209.261160 
-209.282179 
-209.305236 
-209.328663 
-209.351172 
-209.372155 
-209.391485 
-209.409256 
-209.425633 
-209.440787 
-209.454865 
-209.467995 
-209.480283 
-209.491821 
-209.502687 
-209.512950 
-209.522673 
-209.531911 
-209.540716 
-209.549134 
-209.557210 
-209.564982 
-209.572488 
-209.579761 
-209.586830 
-209.593722 
-209.600465 
-209.607080 
-209.613589 
-209.620014 
-209.626374 
-209.632686 
-209.638963 
-209.645215 
-209.651446 
-209.657655 
-209.663834 
-209.669967 
-209.676036 
-209.682018 
-209.687888 
-209.693622 
-209.699197 
-209.704596 
-209.709806 
-209.714821 
-209.719645 
-209.724290 
-209.728781 
-209.733159 
-209.737480 
-209.741820 
-209.746286 
-209.751023 
-209.756236 
-209.762228 
-209.769442 
-209.778498 
-209.790152 
-209.805042 
-209.823169 
-209.843608 
-209.865007 
-209.886416 
-209.907620 
-209.929027 
-209.951429 
-209.975687 
-210.002220 
-210.030493 
-210.059142 
-210.086803 
-210.112678 
-210.136523 
-210.158399 
-210.178494 
-210.197022 
-210.214179 
-210.230137 
-210.245042 
-210.259014 
-210.272157 
-210.284556 
-210.296286 
-210.307413 
-210.317991 
-210.328070 
-210.337692 
-210.346894 
-210.355709 
-210.364163 
-210.372280 
-210.380078 
-210.387575 
-210.394782 
-210.401710 
-210.408369 
-210.414764 
-210.420902 
-210.426788 
-210.432426 
-210.437820 
-210.442977 
-210.447899 
-210.452593 
-210.457064 
-210.461320 
-210.465365 
-210.469210 
-210.472860 
-210.476326 
-210.479615 
-210.482739 
-210.485706 
-210.488527 
-210.491212 
-210.493773 
-210.496219 
-210.498562 
-210.500813 
-210.502982 
-210.505080 
-210.507117 
-210.509102 
-210.511044 
-210.512950 
-210.514827 
-210.516680 
-210.518512 
-210.520326 
-210.522121 
-210.523898 
-210.525655 
-210.527389 
-210.529098 
-210.530781 
-210.532435 
-210.534061 
-210.535658 
-210.537227 
-210.538772 
-210.540294 
-210.541797 
-210.543285 
-210.544763 
-210.546234 
-210.547703 
-210.549172 
-210.550644 
-210.552120 
-210.553600 
-210.555083 
-210.556567 
-210.558046 
-210.559514 
-210.560963 
-210.562386 
-210.563772 
-210.565112 
-210.566396 
-210.567615 
-210.568761 
-210.569827 
-210.570810 
-210.571705 
-210.572510 
-210.573226 
-210.573854 
-210.574398 
-210.574862 
-210.575251 
-210.575573 
-210.575835 
-210.576047 
-210.576217 
-210.576357 
-210.576478 
-210.576591 
-210.576709 
-210.576845 
-210.577011 
-210.577223 
-210.577494 
-210.577838 
-210.578269 
-210.578802 
-210.579449 
-210.580224 
-210.581139 
-210.582206 
-210.583434 
-210.584831 
-210.586403 
-210.588153 
-210.590080 
-210.592184 
-210.594459 
-210.596897 
-210.599491 
-210.602232 
-210.605110 
-210.608117 
-210.611243 
-210.614481 
-210.617821 
-210.621253 
-210.624768 
-210.628357 
-210.632019 
-210.635760 
-210.639602 
-210.643591 
-210.647799 
-210.652332 
-210.657336 
-210.662998 
-210.669574 
-210.677423 
-210.687073 
-210.699213 
-210.714424 
-210.732588 
-210.752588 
-210.772887 
-210.792334 
-210.810404 
-210.826996 
-210.842213 
-210.856218 
-210.869181 
-210.881253 
-210.892566 
-210.903230 
-210.913336 
-210.922961 
-210.932169 
-210.941013 
-210.949534 
-210.957766 
-210.965737 
-210.973468 
-210.980974 
-210.988269 
-210.995362 
-211.002262 
-211.008974 
-211.015504 
-211.021856 
-211.028032 
-211.034033 
-211.039861 
-211.045514 
-211.050991 
-211.056290 
-211.061409 
-211.066347 
-211.071103 
-211.075676 
-211.080068 
-211.084281 
-211.088317 
-211.092179 
-211.095873 
-211.099401 
-211.102770 
-211.105986 
-211.109056 
-211.111987 
-211.114792 
-211.117483 
-211.120076 
-211.122591 
-211.125054 
-211.127497 
-211.129957 
-211.132480 
-211.135123 
-211.137950 
-211.141038 
-211.144481 
-211.148398 
-211.152951 
-211.158383 
-211.165059 
-211.173506 
-211.184377 
-211.198195 
-211.214810 
-211.233098 
-211.251538 
-211.269018 
-211.285051 
-211.299569 
-211.312698 
-211.324619 
-211.335510 
-211.345529 
-211.354801 
-211.363433 
-211.371509 
-211.379098 
-211.386257 
-211.393036 
-211.399474 
-211.405608 
-211.411466 
-211.417074 
-211.422455 
-211.427626 
-211.432605 
-211.437406 
-211.442039 
-211.446515 
-211.450844 
-211.455032 
-211.459087 
-211.463014 
-211.466819 
-211.470508 
-211.474087 
-211.477562 
-211.480938 
-211.484224 
-211.487426 
-211.490552 
-211.493612 
-211.496615 
-211.499569 
-211.502486 
-211.505373 
-211.508242 
-211.511101 
-211.513960 
-211.516829 
-211.519716 
-211.522630 
-211.525580 
-211.528575 
-211.531622 
-211.534730 
-211.537906 
-211.541158 
-211.544492 
-211.547913 
-211.551425 
-211.555033 
-211.558737 
-211.562541 
-211.566444 
-211.570445 
-211.574542 
-211.578734 
-211.583017 
-211.587386 
-211.591837 
-211.596362 
-211.600954 
-211.605603 
-211.610300 
-211.615033 
-211.619791 
-211.624561 
-211.629333 
-211.634097 
-211.638843 
-211.643566 
-211.648261 
-211.652924 
-211.657556 
-211.662159 
-211.666736 
-211.671294 
-211.675840 
-211.680384 
-211.684936 
-211.689508 
-211.694109 
-211.698752 
-211.703447 
-211.708203 
-211.713025 
-211.717917 
-211.722881 
-211.727914 
-211.733010 
-211.738164 
-211.743367 
-211.748611 
-211.753890 
-211.759195 
-211.764522 
-211.769866 
-211.775222 
-211.780587 
-211.785955 
-211.791321 
-211.796681 
-211.802032 
-211.807373 
-211.812710 
-211.818053 
-211.823417 
-211.828825 
-211.834306 
-211.839894 
-211.845627 
-211.851548 
-211.857700 
-211.864130 
-211.870880 
-211.877993 
-211.885507 
-211.893465 
-211.901922 
-211.910972 
-211.920790 
-211.931695 
-211.944209 
-211.959067 
-211.977047 
-211.998510 
-212.022843 
-212.048548 
-212.074085 
-212.098510 
-212.121477 
-212.142981 
-212.163141 
-212.182101 
-212.199984 
-212.216893 
-212.232943 
-212.248302 
-212.263269 
-212.278366 
-212.294435 
-212.312632 
-212.334108 
-212.359259 
-212.387094 
-212.415682 
-212.443357 
-212.469300 
-212.493346 
-212.515625 
-212.536344 
-212.555701 
-212.573865 
-212.590970 
-212.607122 
-212.622405 
-212.636888 
-212.650626 
-212.663669 
-212.676061 
-212.687841 
-212.699048 
-212.709719 
-212.719891 
-212.729599 
-212.738878 
-212.747758 
-212.756270 
-212.764445 
-212.772328 
-212.779993 
-212.787588 
-212.795381 
-212.803832 
-212.813650 
-212.825744 
-212.840961 
-212.859525 
-212.880613 
-212.902678 
-212.924304 
-212.944688 
-212.963570 
-212.980982 
-212.997064 
-213.011979 
-213.025878 
-213.038893 
-213.051141 
-213.062728 
-213.073754 
-213.084319 
-213.094519 
-213.104455 
-213.114230 
-213.123957 
-213.133788 
-213.143943 
-213.154780 
-213.166849 
-213.180920 
-213.197855 
-213.218212 
-213.241762 
-213.267522 
-213.294480 
-213.322244 
-213.351081 
-213.381425 
-213.413152 
-213.445294 
-213.476586 
-213.506143 
-213.533621 
-213.559035 
-213.582568 
-213.604448 
-213.624895 
-213.644106 
-213.662242 
-213.679439 
-213.695803 
-213.711421 
-213.726365 
-213.740691 
-213.754443 
-213.767659 
-213.780365 
-213.792585 
-213.804335 
-213.815629 
-213.826478 
-213.836892 
-213.846880 
-213.856451 
-213.865616 
-213.874386 
-213.882773 
-213.890791 
-213.898453 
-213.905776 
-213.912774 
-213.919464 
-213.925861 
-213.931984 
-213.937848 
-213.943471 
-213.948869 
-213.954061 
-213.959064 
-213.963894 
-213.968570 
-213.973108 
-213.977525 
-213.981834 
-213.986050 
-213.990185 
-213.994246 
-213.998241 
-214.002174 
-214.006045 
-214.009855 
-214.013600 
-214.017279 
-214.020887 
-214.024424 
-214.027888 
-214.031278 
-214.034598 
-214.037848 
-214.041035 
-214.044162 
-214.047236 
-214.050263 
-214.053252 
-214.056208 
-214.059140 
-214.062056 
-214.064963 
-214.067871 
-214.070785 
-214.073713 
-214.076662 
-214.079635 
-214.082637 
-214.085671 
-214.088737 
-214.091834 
-214.094961 
-214.098115 
-214.101292 
-214.104489 
-214.107705 
-214.110937 
-214.114187 
-214.117458 
-214.120754 
-214.124083 
-214.127454 
-214.130879 
-214.134368 
-214.137933 
-214.141581 
-214.145317 
-214.149140 
-214.153043 
-214.157009 
-214.161017 
-214.165042 
-214.169056 
-214.173035 
-214.176957 
-214.180808 
-214.184582 
-214.188282 
-214.191915 
-214.195499 
-214.199059 
-214.202630 
-214.206256 
-214.209999 
-214.213936 
-214.218171 
-214.222841 
-214.228141 
-214.234364 
-214.241963 
-214.251599 
-214.264081 
-214.280014 
-214.299152 
-214.320144 
-214.341292 
-214.361444 
-214.380145 
-214.397373 
-214.413282 
-214.428066 
-214.441907 
-214.454955 
-214.467331 
-214.479128 
-214.490416 
-214.501249 
-214.511668 
-214.521705 
-214.531386 
-214.540731 
-214.549759 
-214.558485 
-214.566922 
-214.575083 
-214.582975 
-214.590606 
-214.597979 
-214.605096 
-214.611954 
-214.618551 
-214.624881 
-214.630938 
-214.636717 
-214.642214 
-214.647428 
-214.652360 
-214.657014 
-214.661398 
-214.665523 
-214.669403 
-214.673053 
-214.676493 
-214.679743 
-214.682828 
-214.685774 
-214.688609 
-214.691364 
-214.694074 
-214.696779 
-214.699522 
-214.702360 
-214.705365 
-214.708630 
-214.712283 
-214.716502 
-214.721538 
-214.727756 
-214.735676 
-214.745944 
-214.759088 
-214.775008 
-214.792686 
-214.810683 
-214.827897 
-214.843810 
-214.858324 
-214.871550 
-214.883672 
-214.894880 
-214.905345 
-214.915210 
-214.924592 
-214.933587 
-214.942271 
-214.950704 
-214.958934 
-214.966999 
-214.974928 
-214.982744 
-214.990463 
-214.998097 
-215.005656 
-215.013145 
-215.020568 
-215.027926 
-215.035218 
-215.042443 
-215.049598 
-215.056679 
-215.063684 
-215.070607 
-215.077447 
-215.084199 
-215.090861 
-215.097429 
-215.103900 
-215.110271 
-215.116539 
-215.122701 
-215.128753 
-215.134694 
-215.140523 
-215.146239 
-215.151845 
-215.157345 
-215.162746 
-215.168057 
-215.173288 
-215.178454 
-215.183567 
-215.188646 
-215.193705 
-215.198761 
-215.203832 
-215.208935 
-215.214087 
-215.219311 
-215.224631 
-215.230084 
-215.235721 
-215.241629 
-215.247950 
-215.254923 
-215.262927 
-215.272512 
-215.284352 
-215.299002 
-215.316452 
-215.335837 
-215.355816 
-215.375258 
-215.393545 
-215.410482 
-215.426102 
-215.440533 
-215.453923 
-215.466415 
-215.478133 
-215.489181 
-215.499642 
-215.509586 
-215.519069 
-215.528135 
-215.536821 
-215.545157 
-215.553167 
-215.560871 
-215.568286 
-215.575427 
-215.582305 
-215.588933 
-215.595319 
-215.601473 
-215.607402 
-215.613114 
-215.618617 
-215.623917 
-215.629023 
-215.633940 
-215.638676 
-215.643239 
-215.647635 
-215.651872 
-215.655957 
-215.659897 
-215.663701 
-215.667375 
-215.670928 
-215.674367 
-215.677699 
-215.680932 
-215.684075 
-215.687134 
-215.690116 
-215.693030 
-215.695882 
-215.698678 
-215.701425 
-215.704130 
-215.706797 
-215.709431 
-215.712036 
-215.714617 
-215.717175 
-215.719714 
-215.722234 
-215.724737 
-215.727223 
-215.729692 
-215.732143 
-215.734575 
-215.736988 
-215.739379 
-215.741748 
-215.744094 
-215.746415 
-215.748711 
-215.750982 
-215.753227 
-215.755448 
-215.757644 
-215.759817 
-215.761968 
-215.764098 
-215.766210 
-215.768304 
-215.770382 
-215.772446 
-215.774497 
-215.776536 
-215.778565 
-215.780583 
-215.782593 
-215.784594 
-215.786588 
-215.788575 
-215.790556 
-215.792534 
-215.794508 
-215.796481 
-215.798455 
-215.800433 
-215.802418 
-215.804413 
-215.806423 
-215.808453 
-215.810506 
-215.812588 
-215.814705 
-215.816862 
-215.819063 
-215.821315 
-215.823621 
-215.825985 
-215.828412 
-215.830904 
-215.833464 
-215.836092 
-215.838790 
-215.841557 
-215.844395 
-215.847302 
-215.850276 
-215.853317 
-215.856420 
-215.859584 
-215.862803 
-215.866073 
-215.869387 
-215.872739 
-215.876122 
-215.879526 
-215.882944 
-215.886368 
-215.889789 
-215.893201 
-215.896598 
-215.899976 
-215.903334 
-215.906671 
-215.909988 
-215.913289 
-215.916578 
-215.919861 
-215.923143 
-215.926430 
-215.929730 
-215.933046 
-215.936383 
-215.939745 
-215.943133 
-215.946545 
-215.949981 
-215.953435 
-215.956900 
-215.960366 
-215.963822 
-215.967255 
-215.970651 
-215.973993 
-215.977265 
-215.980454 
-215.983542 
-215.986516 
-215.989364 
-215.992076 
-215.994643 
-215.997059 
-215.999321 
-216.001428 
-216.003382 
-216.005186 
-216.006850 
-216.008382 
-216.009798 
-216.011114 
-216.012352 
-216.013538 
-216.014702 
-216.015881 
-216.017120 
-216.018471 
-216.019997 
-216.021771 
-216.023881 
-216.026431 
-216.029548 
-216.033395 
-216.038198 
-216.044289 
-216.052157 
-216.062455 
-216.075827 
-216.092370 
-216.111096 
-216.130323 
-216.148679 
-216.165515 
-216.180712 
-216.194394 
-216.206760 
-216.217999 
-216.228275 
-216.237717 
-216.246432 
-216.254502 
-216.261997 
-216.268975 
-216.275487 
-216.281577 
-216.287287 
-216.292654 
-216.297714 
-216.302500 
-216.307044 
-216.311376 
-216.315522 
-216.319507 
-216.323349 
-216.327066 
-216.330669 
-216.334164 
-216.337554 
-216.340838 
-216.344014 
-216.347079 
-216.350027 
-216.352859 
-216.355574 
-216.358177 
-216.360674 
-216.363080 
-216.365410 
-216.367689 
-216.369946 
-216.372221 
-216.374562 
-216.377026 
-216.379687 
-216.382648 
-216.386057 
-216.390153 
-216.395312 
-216.402087 
-216.411180 
-216.423214 
-216.438259 
-216.455477 
-216.473467 
-216.491012 
-216.507450 
-216.522578 
-216.536444 
-216.549193 
-216.560983 
-216.571958 
-216.582237 
-216.591909 
-216.601042 
-216.609688 
-216.617887 
-216.625671 
-216.633068 
-216.640104 
-216.646801 
-216.653183 
-216.659269 
-216.665081 
-216.670638 
-216.675960 
-216.681065 
-216.685971 
-216.690696 
-216.695255 
-216.699666 
-216.703945 
-216.708105 
-216.712162 
-216.716128 
-216.720015 
-216.723834 
-216.727592 
-216.731297 
-216.734955 
-216.738569 
-216.742142 
-216.745675 
-216.749169 
-216.752625 
-216.756043 
-216.759425 
-216.762771 
-216.766086 
-216.769374 
-216.772640 
-216.775891 
-216.779134 
-216.782375 
-216.785623 
-216.788881 
-216.792152 
-216.795437 
-216.798732 
-216.802033 
-216.805331 
-216.808616 
-216.811876 
-216.815104 
-216.818292 
-216.821439 
-216.824549 
-216.827638 
-216.830727 
-216.833848 
-216.837038 
-216.840340 
-216.843801 
-216.847481 
-216.851485 
-216.856007 
-216.861399 
-216.868243 
-216.877352 
-216.889585 
-216.905346 
-216.924046 
-216.944245 
-216.964475 
-216.983838 
-217.002001 
-217.018953 
-217.034805 
-217.049695 
-217.063754 
-217.077096 
-217.089825 
-217.102039 
-217.113834 
-217.125304 
-217.136539 
-217.147622 
-217.158623 
-217.169592 
-217.180556 
-217.191522 
-217.202476 
-217.213393 
-217.224235 
-217.234961 
-217.245532 
-217.255913 
-217.266080 
-217.276020 
-217.285731 
-217.295224 
-217.304515 
-217.313628 
-217.322583 
-217.331401 
-217.340097 
-217.348681 
-217.357155 
-217.365517 
-217.373757 
-217.381861 
-217.389816 
-217.397603 
-217.405207 
-217.412612 
-217.419806 
-217.426779 
-217.433524 
-217.440035 
-217.446311 
-217.452352 
-217.458163 
-217.463749 
-217.469116 
-217.474275 
-217.479235 
-217.484008 
-217.488604 
-217.493036 
-217.497316 
-217.501454 
-217.505462 
-217.509351 
-217.513129 
-217.516808 
-217.520395 
-217.523899 
-217.527328 
-217.530689 
-217.533989 
-217.537233 
-217.540429 
-217.543582 
-217.546698 
-217.549781 
-217.552837 
-217.555872 
-217.558891 
-217.561901 
-217.564907 
-217.567916 
-217.570938 
-217.573979 
-217.577051 
-217.580161 
-217.583320 
-217.586537 
-217.589822 
-217.593181 
-217.596620 
-217.600140 
-217.603738 
-217.607409 
-217.611140 
-217.614918 
-217.618722 
-217.622534 
-217.626333 
-217.630102 
-217.633824 
-217.637489 
-217.641087 
-217.644616 
-217.648074 
-217.651462 
-217.654784 
-217.658043 
-217.661246 
-217.664397 
-217.667502 
-217.670567 
-217.673598 
-217.676599 
-217.679574 
-217.682529 
-217.685467 
-217.688391 
-217.691306 
-217.694212 
-217.697113 
-217.700011 
-217.702907 
-217.705802 
-217.708696 
-217.711591 
-217.714485 
-217.717378 
-217.720270 
-217.723159 
-217.726042 
-217.728919 
-217.731787 
-217.734644 
-217.737487 
-217.740314 
-217.743122 
-217.745910 
-217.748675 
-217.751417 
-217.754133 
-217.756824 
-217.759489 
-217.762127 
-217.764741 
-217.767331 
-217.769899 
-217.772447 
-217.774978 
-217.777496 
-217.780004 
-217.782507 
-217.785010 
-217.787518 
-217.790038 
-217.792575 
-217.795135 
-217.797726 
-217.800354 
-217.803023 
-217.805737 
-217.808501 
-217.811315 
-217.814177 
-217.817084 
-217.820031 
-217.823010 
-217.826012 
-217.829028 
-217.832049 
-217.835070 
-217.838084 
-217.841088 
-217.844083 
-217.847072 
-217.850061 
-217.853056 
-217.856069 
-217.859111 
-217.862194 
-217.865329 
-217.868526 
-217.871795 
-217.875139 
-217.878559 
-217.882051 
-217.885606 
-217.889210 
-217.892847 
-217.896500 
-217.900149 
-217.903780 
-217.907376 
-217.910926 
-217.914421 
-217.917855 
-217.921223 
-217.924522 
-217.927748 
-217.930902 
-217.933980 
-217.936983 
-217.939909 
-217.942757 
-217.945527 
-217.948217 
-217.950827 
-217.953356 
-217.955805 
-217.958172 
-217.960459 
-217.962664 
-217.964787 
-217.966829 
-217.968791 
-217.970671 
-217.972472 
-217.974192 
-217.975834 
-217.977397 
-217.978882 
-217.980291 
-217.981626 
-217.982886 
-217.984075 
-217.985194 
-217.986246 
-217.987233 
-217.988158 
-217.989025 
-217.989837 
-217.990597 
-217.991309 
-217.991979 
-217.992609 
-217.993205 
-217.993772 
-217.994315 
-217.994839 
-217.995349 
-217.995850 
-217.996349 
-217.996851 
-217.997361 
-217.997886 
-217.998430 
-217.998999 
-217.999598 
-218.000231 
-218.000903 
-218.001615 
-218.002371 
-218.003171 
-218.004016 
-218.004902 
-218.005829 
-218.006790 
-218.007782 
-218.008796 
-218.009827 
-218.010866 
-218.011905 
-218.012938 
-218.013957 
-218.014955 
-218.015929 
-218.016873 
-218.017786 
-218.018665 
-218.019510 
-218.020322 
-218.021100 
-218.021848 
-218.022568 
-218.023262 
-218.023935 
-218.024591 
-218.025234 
-218.025869 
-218.026501 
-218.027136 
-218.027780 
-218.028439 
-218.029120 
-218.029830 
-218.030576 
-218.031366 
-218.032207 
-218.033108 
-218.034075 
-218.035117 
-218.036240 
-218.037450 
-218.038754 
-218.040155 
-218.041654 
-218.043251 
-218.044945 
-218.046729 
-218.048596 
-218.050535 
-218.052536 
-218.054585 
-218.056669 
-218.058775 
-218.060893 
-218.063011 
-218.065122 
-218.067222 
-218.069307 
-218.071375 
-218.073428 
-218.075469 
-218.077500 
-218.079528 
-218.081558 
-218.083598 
-218.085655 
-218.087737 
-218.089853 
-218.092013 
-218.094227 
-218.096502 
-218.098849 
-218.101277 
-218.103794 
-218.106408 
-218.109127 
-218.111955 
-218.114898 
-218.117960 
-218.121144 
-218.124450 
-218.127880 
-218.131432 
-218.135106 
-218.138898 
-218.142807 
-218.146830 
-218.150964 
-218.155206 
-218.159553 
-218.164003 
-218.168552 
-218.173196 
-218.177932 
-218.182755 
-218.187656 
-218.192630 
-218.197665 
-218.202751 
-218.207876 
-218.213026 
-218.218186 
-218.223340 
-218.228473 
-218.233570 
-218.238616 
-218.243597 
-218.248502 
-218.253321 
-218.258046 
-218.262671 
-218.267195 
-218.271615 
-218.275931 
-218.280145 
-218.284259 
-218.288277 
-218.292200 
-218.296031 
-218.299773 
-218.303428 
-218.306999 
-218.310490 
-218.313909 
-218.317263 
-218.320566 
-218.323836 
-218.327098 
-218.330383 
-218.333729 
-218.337185 
-218.340809 
-218.344675 
-218.348876 
-218.353535 
-218.358820 
-218.364961 
-218.372291 
-218.381278 
-218.392537 
-218.406642 
-218.423631 
-218.442603 
-218.462099 
-218.480931 
-218.498517 
-218.514733 
-218.529687 
-218.543562 
-218.556548 
-218.568805 
-218.580465 
-218.591622 
-218.602345 
-218.612676 
-218.622638 
-218.632235 
-218.641464 
-218.650313 
-218.658769 
-218.666819 
-218.674456 
-218.681677 
-218.688486 
-218.694892 
-218.700909 
-218.706557 
-218.711860 
-218.716846 
-218.721549 
-218.726004 
-218.730256 
-218.734352 
-218.738346 
-218.742302 
-218.746291 
-218.750395 
-218.754712 
-218.759354 
-218.764461 
-218.770215 
-218.776865 
-218.784773 
-218.794450 
-218.806538 
-218.821603 
-218.839609 
-218.859502 
-218.879698 
-218.898972 
-218.916762 
-218.932965 
-218.947692 
-218.961121 
-218.973426 
-218.984762 
-218.995258 
-219.005019 
-219.014132 
-219.022673 
-219.030702 
-219.038276 
-219.045440 
-219.052239 
-219.058709 
-219.064887 
-219.070802 
-219.076484 
-219.081959 
-219.087250 
-219.092379 
-219.097367 
-219.102232 
-219.106990 
-219.111655 
-219.116240 
-219.120755 
-219.125208 
-219.129606 
-219.133951 
-219.138247 
-219.142492 
-219.146685 
-219.150822 
-219.154901 
-219.158916 
-219.162862 
-219.166734 
-219.170527 
-219.174238 
-219.177862 
-219.181397 
-219.184840 
-219.188190 
-219.191446 
-219.194609 
-219.197678 
-219.200654 
-219.203539 
-219.206336 
-219.209046 
-219.211672 
-219.214218 
-219.216685 
-219.219079 
-219.221402 
-219.223659 
-219.225853 
-219.227989 
-219.230071 
-219.232104 
-219.234091 
-219.236039 
-219.237951 
-219.239833 
-219.241689 
-219.243525 
-219.245346 
-219.247157 
-219.248964 
-219.250771 
-219.252584 
-219.254408 
-219.256248 
-219.258108 
-219.259993 
-219.261906 
-219.263851 
-219.265831 
-219.267847 
-219.269902 
-219.271996 
-219.274129 
-219.276300 
-219.278507 
-219.280749 
-219.283022 
-219.285321 
-219.287644 
-219.289985 
-219.292340 
-219.294703 
-219.297069 
-219.299434 
-219.301791 
-219.304138 
-219.306468 
-219.308779 
-219.311067 
-219.313329 
-219.315563 
-219.317770 
-219.319948 
-219.322100 
-219.324227 
-219.326333 
-219.328421 
-219.330496 
-219.332562 
-219.334624 
-219.336688 
-219.338757 
-219.340836 
-219.342929 
-219.345039 
-219.347170 
-219.349322 
-219.351498 
-219.353699 
-219.355926 
-219.358178 
-219.360455 
-219.362759 
-219.365088 
-219.367444 
-219.369826 
-219.372237 
-219.374678 
-219.377150 
-219.379656 
-219.382197 
-219.384776 
-219.387392 
-219.390045 
-219.392735 
-219.395460 
-219.398216 
-219.401000 
-219.403808 
-219.406633 
-219.409472 
-219.412320 
-219.415171 
-219.418022 
-219.420870 
-219.423710 
-219.426541 
-219.429362 
-219.432173 
-219.434973 
-219.437762 
-219.440542 
-219.443314 
-219.446078 
-219.448834 
-219.451582 
-219.454321 
-219.457048 
-219.459760 
-219.462453 
-219.465123 
-219.467764 
-219.470374 
-219.472952 
-219.475499 
-219.478021 
-219.480526 
-219.483026 
-219.485536 
-219.488073 
-219.490656 
-219.493305 
-219.496037 
-219.498868 
-219.501813 
-219.504880 
-219.508082 
-219.511437 
-219.514994 
-219.518862 
-219.523265 
-219.528603 
-219.535497 
-219.544744 
-219.557050 
-219.572515 
-219.590264 
-219.608818 
-219.626902 
-219.643827 
-219.659399 
-219.673687 
-219.686867 
-219.699134 
-219.710674 
-219.721645 
-219.732179 
-219.742386 
-219.752354 
-219.762156 
-219.771851 
-219.781492 
-219.791129 
-219.800824 
-219.810680 
-219.820879 
-219.831739 
-219.843771 
-219.857672 
-219.874157 
-219.893502 
-219.915062 
-219.937457 
-219.959377 
-219.980111 
-219.999502 
-220.017724 
-220.035107 
-220.052076 
-220.069149 
-220.086980 
-220.106358 
-220.128000 
-220.152062 
-220.177757 
-220.203708 
-220.228734 
-220.252221 
-220.274014 
-220.294203 
-220.312970 
-220.330513 
-220.347015 
-220.362633 
-220.377498 
-220.391716 
-220.405373 
-220.418538 
-220.431264 
-220.443593 
-220.455559 
-220.467188 
-220.478501 
-220.489517 
-220.500252 
-220.510718 
-220.520930 
-220.530900 
-220.540642 
-220.550165 
-220.559484 
-220.568608 
-220.577548 
-220.586315 
-220.594917 
-220.603365 
-220.611667 
-220.619831 
-220.627864 
-220.635776 
-220.643572 
-220.651260 
-220.658848 
-220.666341 
-220.673746 
-220.681070 
-220.688316 
-220.695492 
-220.702601 
-220.709646 
-220.716631 
-220.723559 
-220.730430 
-220.737245 
-220.744005 
-220.750709 
-220.757355 
-220.763944 
-220.770472 
-220.776937 
-220.783337 
-220.789670 
-220.795932 
-220.802122 
-220.808236 
-220.814272 
-220.820226 
-220.826098 
-220.831884 
-220.837583 
-220.843192 
-220.848709 
-220.854134 
-220.859464 
-220.864698 
-220.869835 
-220.874873 
-220.879812 
-220.884652 
-220.889391 
-220.894029 
-220.898566 
-220.903003 
-220.907340 
-220.911577 
-220.915716 
-220.919758 
-220.923704 
-220.927556 
-220.931315 
-220.934985 
-220.938566 
-220.942061 
-220.945473 
-220.948803 
-220.952053 
-220.955226 
-220.958324 
-220.961349 
-220.964303 
-220.967188 
-220.970006 
-220.972758 
-220.975447 
-220.978074 
-220.980640 
-220.983148 
-220.985599 
-220.987994 
-220.990334 
-220.992621 
-220.994856 
-220.997040 
-220.999175 
-221.001262 
-221.003301 
-221.005295 
-221.007244 
-221.009149 
-221.011011 
-221.012833 
-221.014613 
-221.016355 
-221.018059 
-221.019726 
-221.021358 
-221.022955 
-221.024520 
-221.026052 
-221.027555 
-221.029028 
-221.030473 
-221.031893 
-221.033288 
-221.034659 
-221.036009 
-221.037339 
-221.038651 
-221.039946 
-221.041226 
-221.042493 
-221.043748 
-221.044994 
-221.046231 
-221.047462 
-221.048687 
-221.049910 
-221.051130 
-221.052351 
-221.053571 
-221.054794 
-221.056020 
-221.057250 
-221.058485 
-221.059726 
-221.060973 
-221.062227 
-221.063489 
-221.064759 
-221.066039 
-221.067328 
-221.068628 
-221.069939 
-221.071264 
-221.072601 
-221.073955 
-221.075324 
-221.076713 
-221.078121 
-221.079552 
-221.081007 
-221.082489 
-221.083998 
-221.085538 
-221.087110 
-221.088715 
-221.090353 
-221.092025 
-221.093731 
-221.095468 
-221.097235 
-221.099030 
-221.100849 
-221.102689 
-221.104546 
-221.106417 
-221.108299 
-221.110191 
-221.112091 
-221.113999 
-221.115916 
-221.117843 
-221.119784 
-221.121740 
-221.123717 
-221.125719 
-221.127748 
-221.129808 
-221.131903 
-221.134033 
-221.136201 
-221.138405 
-221.140643 
-221.142912 
-221.145207 
-221.147524 
-221.149854 
-221.152192 
-221.154530 
-221.156861 
-221.159177 
-221.161472 
-221.163741 
-221.165977 
-221.168177 
-221.170336 
-221.172451 
-221.174520 
-221.176539 
-221.178507 
-221.180421 
-221.182282 
-221.184087 
-221.185836 
-221.187529 
-221.189166 
-221.190750 
-221.192281 
-221.193762 
-221.195196 
-221.196587 
-221.197940 
-221.199259 
-221.200550 
-221.201818 
-221.203072 
-221.204316 
-221.205558 
-221.206805 
-221.208064 
-221.209342 
-221.210643 
-221.211973 
-221.213334 
-221.214726 
-221.216149 
-221.217598 
-221.219064 
-221.220540 
-221.222013 
-221.223471 
-221.224904 
-221.226299 
-221.227648 
-221.228946 
-221.230187 
-221.231373 
-221.232505 
-221.233588 
-221.234628 
-221.235636 
-221.236621 
-221.237597 
-221.238578 
-221.239583 
-221.240633 
-221.241761 
-221.243010 
-221.244446 
-221.246161 
-221.248283 
-221.250985 
-221.254502 
-221.259161 
-221.265426 
-221.273910 
-221.285193 
-221.299352 
-221.315555 
-221.332393 
-221.348650 
-221.363668 
-221.377252 
-221.389450 
-221.400409 
-221.410300 
-221.419286 
-221.427509 
-221.435090 
-221.442129 
-221.448710 
-221.454901 
-221.460759 
-221.466332 
-221.471661 
-221.476781 
-221.481721 
-221.486508 
-221.491165 
-221.495713 
-221.500170 
-221.504552 
-221.508872 
-221.513142 
-221.517371 
-221.521568 
-221.525738 
-221.529885 
-221.534011 
-221.538118 
-221.542206 
-221.546274 
-221.550319 
-221.554339 
-221.558331 
-221.562290 
-221.566210 
-221.570087 
-221.573913 
-221.577681 
-221.581382 
-221.585008 
-221.588552 
-221.592003 
-221.595356 
-221.598603 
-221.601738 
-221.604758 
-221.607658 
-221.610436 
-221.613093 
-221.615628 
-221.618044 
-221.620341 
-221.622525 
-221.624598 
-221.626566 
-221.628433 
-221.630206 
-221.631891 
-221.633495 
-221.635026 
-221.636490 
-221.637898 
-221.639259 
-221.640582 
-221.641880 
-221.643164 
-221.644446 
-221.645742 
-221.647066 
-221.648434 
-221.649863 
-221.651369 
-221.652971 
-221.654686 
-221.656528 
-221.658511 
-221.660644 
-221.662932 
-221.665372 
-221.667959 
-221.670678 
-221.673512 
-221.676439 
-221.679439 
-221.682492 
-221.685581 
-221.688691 
-221.691814 
-221.694944 
-221.698081 
-221.701231 
-221.704405 
-221.707629 
-221.710942 
-221.714409 
-221.718122 
-221.722212 
-221.726852 
-221.732270 
-221.738768 
-221.746768 
-221.756857 
-221.769734 
-221.785840 
-221.804743 
-221.825038 
-221.845149 
-221.864070 
-221.881427 
-221.897220 
-221.911601 
-221.924765 
-221.936895 
-221.948152 
-221.958668 
-221.968553 
-221.977900 
-221.986782 
-221.995264 
-222.003398 
-222.011228 
-222.018790 
-222.026116 
-222.033231 
-222.040153 
-222.046899 
-222.053479 
-222.059900 
-222.066164 
-222.072274 
-222.078225 
-222.084016 
-222.089640 
-222.095093 
-222.100372 
-222.105471 
-222.110389 
-222.115125 
-222.119680 
-222.124056 
-222.128256 
-222.132286 
-222.136150 
-222.139855 
-222.143407 
-222.146813 
-222.150081 
-222.153217 
-222.156229 
-222.159124 
-222.161909 
-222.164590 
-222.167174 
-222.169668 
-222.172078 
-222.174410 
-222.176671 
-222.178866 
-222.181001 
-222.183081 
-222.185112 
-222.187099 
-222.189048 
-222.190963 
-222.192849 
-222.194710 
-222.196551 
-222.198374 
-222.200184 
-222.201984 
-222.203776 
-222.205561 
-222.207343 
-222.209121 
-222.210896 
-222.212668 
-222.214437 
-222.216202 
-222.217962 
-222.219715 
-222.221460 
-222.223194 
-222.224916 
-222.226623 
-222.228314 
-222.229986 
-222.231638 
-222.233267 
-222.234873 
-222.236453 
-222.238006 
-222.239532 
-222.241029 
-222.242497 
-222.243936 
-222.245345 
-222.246725 
-222.248076 
-222.249397 
-222.250690 
-222.251956 
-222.253194 
-222.254405 
-222.255592 
-222.256754 
-222.257892 
-222.259008 
-222.260103 
-222.261178 
-222.262234 
-222.263273 
-222.264297 
-222.265306 
-222.266304 
-222.267291 
-222.268269 
-222.269242 
-222.270211 
-222.271178 
-222.272147 
-222.273121 
-222.274102 
-222.275094 
-222.276100 
-222.277124 
-222.278170 
-222.279241 
-222.280341 
-222.281473 
-222.282639 
-222.283842 
-222.285082 
-222.286361 
-222.287678 
-222.289029 
-222.290412 
-222.291821 
-222.293252 
-222.294698 
-222.296152 
-222.297607 
-222.299058 
-222.300499 
-222.301925 
-222.303335 
-222.304725 
-222.306095 
-222.307445 
-222.308776 
-222.310091 
-222.311390 
-222.312678 
-222.313956 
-222.315227 
-222.316495 
-222.317763 
-222.319033 
-222.320307 
-222.321589 
-222.322880 
-222.324182 
-222.325496 
-222.326825 
-222.328168 
-222.329525 
-222.330898 
-222.332286 
-222.333686 
-222.335100 
-222.336523 
-222.337956 
-222.339394 
-222.340836 
-222.342280 
-222.343721 
-222.345158 
-222.346589 
-222.348010 
-222.349420 
-222.350818 
-222.352201 
-222.353571 
-222.354926 
-222.356267 
-222.357595 
-222.358912 
-222.360218 
-222.361516 
-222.362809 
-222.364097 
-222.365385 
-222.366673 
-222.367964 
-222.369258 
-222.370558 
-222.371863 
-222.373173 
-222.374487 
-222.375804 
-222.377122 
-222.378439 
-222.379752 
-222.381058 
-222.382357 
-222.383645 
-222.384921 
-222.386185 
-222.387436 
-222.388675 
-222.389903 
-222.391121 
-222.392332 
-222.393538 
-222.394744 
-222.395951 
-222.397165 
-222.398389 
-222.399628 
-222.400886 
-222.402168 
-222.403478 
-222.404820 
-222.406198 
-222.407616 
-222.409075 
-222.410578 
-222.412123 
-222.413708 
-222.415328 
-222.416977 
-222.418644 
-222.420320 
-222.421991 
-222.423646 
-222.425271 
-222.426856 
-222.428390 
-222.429866 
-222.431279 
-222.432625 
-222.433904 
-222.435116 
-222.436263 
-222.437350 
-222.438380 
-222.439359 
-222.440294 
-222.441190 
-222.442053 
-222.442891 
-222.443709 
-222.444513 
-222.445309 
-222.446101 
-222.446894 
-222.447692 
-222.448496 
-222.449310 
-222.450137 
-222.450977 
-222.451836 
-222.452715 
-222.453621 
-222.454559 
-222.455538 
-222.456568 
-222.457659 
-222.458825 
-222.460077 
-222.461429 
-222.462891 
-222.464472 
-222.466175 
-222.468001 
-222.469942 
-222.471986 
-222.474115 
-222.476310 
-222.478551 
-222.480821 
-222.483112 
-222.485424 
-222.487770 
-222.490175 
-222.492680 
-222.495337 
-222.498214 
-222.501394 
-222.504970 
-222.509046 
-222.513736 
-222.519158 
-222.525451 
-222.532799 
-222.541488 
-222.551985 
-222.564985 
-222.581331 
-222.601597 
-222.625370 
-222.651014 
-222.676526 
-222.700542 
-222.722507 
-222.742372 
-222.760305 
-222.776528 
-222.791257 
-222.804680 
-222.816956 
-222.828218 
-222.838577 
-222.848129 
-222.856957 
-222.865136 
-222.872730 
-222.879799 
-222.886398 
-222.892576 
-222.898376 
-222.903841 
-222.909007 
-222.913909 
-222.918577 
-222.923039 
-222.927320 
-222.931442 
-222.935424 
-222.939282 
-222.943030 
-222.946679 
-222.950236 
-222.953709 
-222.957101 
-222.960413 
-222.963647 
-222.966802 
-222.969875 
-222.972866 
-222.975771 
-222.978588 
-222.981316 
-222.983952 
-222.986497 
-222.988950 
-222.991313 
-222.993585 
-222.995771 
-222.997872 
-222.999892 
-223.001835 
-223.003704 
-223.005506 
-223.007243 
-223.008921 
-223.010544 
-223.012118 
-223.013646 
-223.015134 
-223.016585 
-223.018003 
-223.019392 
-223.020755 
-223.022096 
-223.023417 
-223.024721 
-223.026010 
-223.027286 
-223.028550 
-223.029806 
-223.031053 
-223.032293 
-223.033528 
-223.034758 
-223.035983 
-223.037206 
-223.038426 
-223.039645 
-223.040862 
-223.042078 
-223.043293 
-223.044508 
-223.045722 
-223.046935 
-223.048148 
-223.049358 
-223.050567 
-223.051772 
-223.052973 
-223.054169 
-223.055359 
-223.056540 
-223.057713 
-223.058875 
-223.060026 
-223.061165 
-223.062291 
-223.063403 
-223.064502 
-223.065586 
-223.066656 
-223.067713 
-223.068757 
-223.069788 
-223.070807 
-223.071816 
-223.072814 
-223.073805 
-223.074787 
-223.075763 
-223.076735 
-223.077702 
-223.078667 
-223.079630 
-223.080594 
-223.081558 
-223.082526 
-223.083497 
-223.084474 
-223.085458 
-223.086450 
-223.087452 
-223.088466 
-223.089493 
-223.090535 
-223.091594 
-223.092671 
-223.093769 
-223.094888 
-223.096031 
-223.097198 
-223.098392 
-223.099612 
-223.100861 
-223.102139 
-223.103446 
-223.104784 
-223.106151 
-223.107549 
-223.108978 
-223.110437 
-223.111926 
-223.113446 
-223.114996 
-223.116576 
-223.118187 
-223.119828 
-223.121499 
-223.123201 
-223.124933 
-223.126695 
-223.128488 
-223.130311 
-223.132164 
-223.134048 
-223.135962 
-223.137907 
-223.139883 
-223.141889 
-223.143927 
-223.145997 
-223.148100 
-223.150235 
-223.152404 
-223.154607 
-223.156846 
-223.159120 
-223.161431 
-223.163778 
-223.166162 
-223.168582 
-223.171038 
-223.173528 
-223.176052 
-223.178607 
-223.181191 
-223.183801 
-223.186433 
-223.189085 
-223.191752 
-223.194429 
-223.197113 
-223.199800 
-223.202484 
-223.205162 
-223.207829 
-223.210481 
-223.213114 
-223.215725 
-223.218311 
-223.220868 
-223.223393 
-223.225885 
-223.228342 
-223.230762 
-223.233144 
-223.235487 
-223.237791 
-223.240056 
-223.242281 
-223.244468 
-223.246617 
-223.248729 
-223.250805 
-223.252846 
-223.254853 
-223.256827 
-223.258770 
-223.260684 
-223.262569 
-223.264426 
-223.266258 
-223.268066 
-223.269850 
-223.271612 
-223.273353 
-223.275074 
-223.276777 
-223.278462 
-223.280131 
-223.281784 
-223.283424 
-223.285050 
-223.286664 
-223.288266 
-223.289859 
-223.291443 
-223.293018 
-223.294587 
-223.296149 
-223.297707 
-223.299260 
-223.300810 
-223.302357 
-223.303903 
-223.305447 
-223.306991 
-223.308534 
-223.310077 
-223.311620 
-223.313162 
-223.314704 
-223.316244 
-223.317782 
-223.319317 
-223.320849 
-223.322375 
-223.323895 
-223.325406 
-223.326909 
-223.328401 
-223.329880 
-223.331346 
-223.332796 
-223.334230 
-223.335647 
-223.337044 
-223.338422 
-223.339779 
-223.341115 
-223.342429 
-223.343721 
-223.344990 
-223.346236 
-223.347460 
-223.348660 
-223.349838 
-223.350994 
-223.352127 
-223.353238 
-223.354328 
-223.355396 
-223.356444 
-223.357471 
-223.358479 
-223.359467 
-223.360437 
-223.361388 
-223.362321 
-223.363237 
-223.364136 
-223.365019 
-223.365886 
-223.366737 
-223.367573 
-223.368394 
-223.369201 
-223.369994 
-223.370773 
-223.371539 
-223.372292 
-223.373032 
-223.373759 
-223.374474 
-223.375177 
-223.375868 
-223.376547 
-223.377214 
-223.377870 
-223.378514 
-223.379146 
-223.379768 
-223.380378 
-223.380976 
-223.381564 
-223.382140 
-223.382706 
-223.383260 
-223.383803 
-223.384335 
-223.384856 
-223.385367 
-223.385866 
-223.386355 
-223.386833 
-223.387300 
-223.387756 
-223.388202 
-223.388638 
-223.389063 
-223.389478 
-223.389883 
-223.390278 
-223.390664 
-223.391039 
-223.391406 
-223.391763 
-223.392111 
-223.392450 
-223.392781 
-223.393104 
-223.393419 
-223.393726 
-223.394026 
-223.394319 
-223.394606 
-223.394887 
-223.395162 
-223.395432 
-223.395698 
-223.395960 
-223.396218 
-223.396474 
-223.396728 
-223.396981 
-223.397234 
-223.397488 
-223.397744 
-223.398003 
-223.398265 
-223.398534 
-223.398809 
-223.399094 
-223.399388 
-223.399695 
-223.400015 
-223.400352 
-223.400707 
-223.401083 
-223.401482 
-223.401905 
-223.402356 
-223.402837 
-223.403349 
-223.403894 
-223.404474 
-223.405089 
-223.405739 
-223.406426 
-223.407147 
-223.407901 
-223.408686 
-223.409501 
-223.410340 
-223.411203 
-223.412084 
-223.412981 
-223.413890 
-223.414810 
-223.415737 
-223.416669 
-223.417607 
-223.418549 
-223.419495 
-223.420446 
-223.421404 
-223.422369 
-223.423343 
-223.424328 
-223.425326 
-223.426339 
-223.427369 
-223.428417 
-223.429484 
-223.430572 
-223.431682 
-223.432813 
-223.433965 
-223.435138 
-223.436331 
-223.437541 
-223.438768 
-223.440008 
-223.441260 
-223.442521 
-223.443789 
-223.445061 
-223.446335 
-223.447608 
-223.448879 
-223.450145 
-223.451407 
-223.452661 
-223.453909 
-223.455149 
-223.456382 
-223.457607 
-223.458827 
-223.460040 
-223.461249 
-223.462455 
-223.463658 
-223.464859 
-223.466060 
-223.467261 
-223.468464 
-223.469667 
-223.470871 
-223.472076 
-223.473281 
-223.474486 
-223.475687 
-223.476885 
-223.478076 
-223.479260 
-223.480434 
-223.481595 
-223.482742 
-223.483873 
-223.484986 
-223.486079 
-223.487152 
-223.488203 
-223.489231 
-223.490237 
-223.491221 
-223.492181 
-223.493120 
-223.494037 
-223.494933 
-223.495810 
-223.496669 
-223.497511 
-223.498337 
-223.499150 
-223.499951 
-223.500741 
-223.501523 
-223.502299 
-223.503070 
-223.503839 
-223.504606 
-223.505375 
-223.506146 
-223.506921 
-223.507702 
-223.508490 
-223.509286 
-223.510089 
-223.510902 
-223.511722 
-223.512550 
-223.513384 
-223.514224 
-223.515067 
-223.515911 
-223.516754 
-223.517593 
-223.518425 
-223.519249 
-223.520061 
-223.520859 
-223.521641 
-223.522405 
-223.523150 
-223.523874 
-223.524578 
-223.525261 
-223.525924 
-223.526566 
-223.527190 
-223.527796 
-223.528386 
-223.528963 
-223.529528 
-223.530084 
-223.530635 
-223.531182 
-223.531729 
-223.532280 
-223.532837 
-223.533403 
-223.533980 
-223.534572 
-223.535180 
-223.535805 
-223.536447 
-223.537108 
-223.537784 
-223.538475 
-223.539179 
-223.539892 
-223.540610 
-223.541331 
-223.542051 
-223.542766 
-223.543474 
-223.544172 
-223.544858 
-223.545531 
-223.546189 
-223.546833 
-223.547462 
-223.548076 
-223.548675 
-223.549259 
-223.549829 
-223.550384 
-223.550924 
-223.551448 
-223.551958 
-223.552452 
-223.552930 
-223.553393 
-223.553839 
-223.554271 
-223.554688 
-223.555093 
-223.555486 
-223.555870 
-223.556248 
-223.556624 
-223.557001 
-223.557384 
-223.557778 
-223.558188 
-223.558620 
-223.559080 
-223.559575 
-223.560111 
-223.560693 
-223.561329 
-223.562023 
-223.562781 
-223.563606 
-223.564502 
-223.565472 
-223.566516 
-223.567634 
-223.568825 
-223.570088 
-223.571420 
-223.572817 
-223.574274 
-223.575788 
-223.577354 
-223.578963 
-223.580610 
-223.582285 
-223.583978 
-223.585676 
-223.587364 
-223.589026 
-223.590646 
-223.592206 
-223.593691 
-223.595087 
-223.596386 
-223.597585 
-223.598691 
-223.599720 
-223.600704 
-223.601691 
-223.602750 
-223.603974 
-223.605483 
-223.607428 
-223.610003 
-223.613469 
-223.618195 
-223.624707 
-223.633632 
-223.645405 
-223.659776 
-223.675679 
-223.691795 
-223.707164 
-223.721336 
-223.734209 
-223.745859 
-223.756423 
-223.766050 
-223.774877 
-223.783026 
-223.790600 
-223.797686 
-223.804360 
-223.810683 
-223.816709 
-223.822484 
-223.828045 
-223.833425 
-223.838651 
-223.843744 
-223.848724 
-223.853604 
-223.858396 
-223.863111 
-223.867754 
-223.872332 
-223.876849 
-223.881309 
-223.885714 
-223.890068 
-223.894374 
-223.898633 
-223.902850 
-223.907027 
-223.911170 
-223.915281 
-223.919366 
-223.923431 
-223.927480 
-223.931520 
-223.935557 
-223.939596 
-223.943644 
-223.947708 
-223.951791 
-223.955901 
-223.960040 
-223.964214 
-223.968425 
-223.972676 
-223.976969 
-223.981305 
-223.985683 
-223.990103 
-223.994563 
-223.999059 
-224.003589 
-224.008147 
-224.012727 
-224.017325 
-224.021932 
-224.026541 
-224.031145 
-224.035736 
-224.040307 
-224.044851 
-224.049361 
-224.053832 
-224.058260 
-224.062642 
-224.066975 
-224.071257 
-224.075488 
-224.079667 
-224.083794 
-224.087868 
-224.091887 
-224.095851 
-224.099758 
-224.103603 
-224.107385 
-224.111099 
-224.114743 
-224.118312 
-224.121805 
-224.125217 
-224.128549 
-224.131798 
-224.134965 
-224.138050 
-224.141052 
-224.143972 
-224.146812 
-224.149572 
-224.152251 
-224.154850 
-224.157369 
-224.159808 
-224.162165 
-224.164441 
-224.166636 
-224.168748 
-224.170779 
-224.172729 
-224.174599 
-224.176391 
-224.178107 
-224.179751 
-224.181326 
-224.182837 
-224.184289 
-224.185687 
-224.187038 
-224.188348 
-224.189625 
-224.190877 
-224.192113 
-224.193342 
-224.194575 
-224.195820 
-224.197091 
-224.198396 
-224.199748 
-224.201158 
-224.202636 
-224.204191 
-224.205831 
-224.207561 
-224.209385 
-224.211303 
-224.213315 
-224.215418 
-224.217608 
-224.219882 
-224.222239 
-224.224676 
-224.227194 
-224.229794 
-224.232479 
-224.235252 
-224.238121 
-224.241102 
-224.244220 
-224.247516 
-224.251054 
-224.254925 
-224.259253 
-224.264201 
-224.269979 
-224.276865 
-224.285254 
-224.295705 
-224.308900 
-224.325318 
-224.344647 
-224.365636 
-224.386769 
-224.406992 
-224.425848 
-224.443262 
-224.459340 
-224.474242 
-224.488131 
-224.501150 
-224.513415 
-224.525021 
-224.536043 
-224.546539 
-224.556555 
-224.566129 
-224.575290 
-224.584065 
-224.592474 
-224.600537 
-224.608270 
-224.615688 
-224.622806 
-224.629638 
-224.636197 
-224.642494 
-224.648543 
-224.654355 
-224.659941 
-224.665313 
-224.670481 
-224.675455 
-224.680246 
-224.684862 
-224.689313 
-224.693606 
-224.697751 
-224.701754 
-224.705624 
-224.709367 
-224.712988 
-224.716496 
-224.719894 
-224.723189 
-224.726385 
-224.729487 
-224.732500 
-224.735428 
-224.738274 
-224.741042 
-224.743737 
-224.746359 
-224.748914 
-224.751404 
-224.753831 
-224.756197 
-224.758506 
-224.760760 
-224.762959 
-224.765108 
-224.767206 
-224.769257 
-224.771261 
-224.773221 
-224.775137 
-224.777012 
-224.778847 
-224.780642 
-224.782399 
-224.784120 
-224.785806 
-224.787456 
-224.789074 
-224.790659 
-224.792212 
-224.793735 
-224.795228 
-224.796692 
-224.798129 
-224.799537 
-224.800920 
-224.802276 
-224.803608 
-224.804915 
-224.806198 
-224.807458 
-224.808695 
-224.809911 
-224.811105 
-224.812279 
-224.813432 
-224.814566 
-224.815681 
-224.816777 
-224.817855 
-224.818916 
-224.819959 
-224.820986 
-224.821997 
-224.822992 
-224.823972 
-224.824938 
-224.825890 
-224.826828 
-224.827753 
-224.828665 
-224.829566 
-224.830455 
-224.831333 
-224.832200 
-224.833058 
-224.833907 
-224.834747 
-224.835579 
-224.836404 
-224.837223 
-224.838035 
-224.838843 
-224.839647 
-224.840447 
-224.841246 
-224.842043 
-224.842840 
-224.843638 
-224.844438 
-224.845241 
-224.846050 
-224.846864 
-224.847686 
-224.848516 
-224.849358 
-224.850211 
-224.851077 
-224.851958 
-224.852855 
-224.853770 
-224.854703 
-224.855656 
-224.856629 
-224.857622 
-224.858637 
-224.859672 
-224.860729 
-224.861805 
-224.862901 
-224.864015 
-224.865147 
-224.866296 
-224.867460 
-224.868639 
-224.869832 
-224.871039 
-224.872259 
-224.873493 
-224.874740 
-224.876002 
-224.877279 
-224.878571 
-224.879879 
-224.881202 
-224.882539 
-224.883890 
-224.885253 
-224.886625 
-224.888002 
-224.889381 
-224.890758 
-224.892128 
-224.893487 
-224.894830 
-224.896153 
-224.897453 
-224.898727 
-224.899973 
-224.901189 
-224.902376 
-224.903531 
-224.904657 
-224.905755 
-224.906824 
-224.907869 
-224.908890 
-224.909890 
-224.910871 
-224.911838 
-224.912791 
-224.913736 
-224.914673 
-224.915608 
-224.916543 
-224.917482 
-224.918427 
-224.919382 
-224.920349 
-224.921333 
-224.922334 
-224.923356 
-224.924399 
-224.925466 
-224.926557 
-224.927673 
-224.928812 
-224.929974 
-224.931158 
-224.932362 
-224.933583 
-224.934820 
-224.936070 
-224.937331 
-224.938602 
-224.939880 
-224.941166 
-224.942458 
-224.943757 
-224.945061 
-224.946372 
-224.947690 
-224.949016 
-224.950348 
-224.951687 
-224.953032 
-224.954381 
-224.955732 
-224.957084 
-224.958433 
-224.959777 
-224.961111 
-224.962434 
-224.963742 
-224.965032 
-224.966303 
-224.967552 
-224.968778 
-224.969980 
-224.971158 
-224.972311 
-224.973439 
-224.974543 
-224.975624 
-224.976683 
-224.977721 
-224.978740 
-224.979743 
-224.980731 
-224.981708 
-224.982676 
-224.983638 
-224.984599 
-224.985563 
-224.986532 
-224.987513 
-224.988510 
-224.989529 
-224.990574 
-224.991651 
-224.992767 
-224.993928 
-224.995138 
-224.996404 
-224.997732 
-224.999126 
-225.000592 
-225.002131 
-225.003747 
-225.005441 
-225.007213 
-225.009064 
-225.010989 
-225.012988 
-225.015056 
-225.017189 
-225.019380 
-225.021623 
-225.023908 
-225.026224 
-225.028558 
-225.030894 
-225.033218 
-225.035512 
-225.037761 
-225.039951 
-225.042069 
-225.044107 
-225.046057 
-225.047917 
-225.049684 
-225.051358 
-225.052941 
-225.054437 
-225.055847 
-225.057177 
-225.058430 
-225.059611 
-225.060724 
-225.061773 
-225.062762 
-225.063694 
-225.064574 
-225.065405 
-225.066190 
-225.066934 
-225.067638 
-225.068307 
-225.068944 
-225.069553 
-225.070136 
-225.070699 
-225.071244 
-225.071777 
-225.072302 
-225.072824 
-225.073351 
-225.073888 
-225.074442 
-225.075022 
-225.075635 
-225.076290 
-225.076995 
-225.077758 
-225.078586 
-225.079485 
-225.080459 
-225.081508 
-225.082631 
-225.083823 
-225.085075 
-225.086378 
-225.087721 
-225.089091 
-225.090480 
-225.091878 
-225.093283 
-225.094697 
-225.096126 
-225.097582 
-225.099082 
-225.100643 
-225.102285 
-225.104021 
-225.105860 
-225.107801 
-225.109831 
-225.111932 
-225.114087 
-225.116298 
-225.118622 
-225.121223 
-225.124442 
-225.128875 
-225.135394 
-225.144984 
-225.158227 
-225.174674 
-225.192843 
-225.211082 
-225.228325 
-225.244172 
-225.258618 
-225.271820 
-225.283963 
-225.295214 
-225.305708 
-225.315545 
-225.324797 
-225.333516 
-225.341736 
-225.349486 
-225.356787 
-225.363661 
-225.370127 
-225.376206 
-225.381920 
-225.387292 
-225.392346 
-225.397104 
-225.401590 
-225.405824 
-225.409828 
-225.413619 
-225.417214 
-225.420630 
-225.423879 
-225.426974 
-225.429926 
-225.432746 
-225.435441 
-225.438020 
-225.440491 
-225.442859 
-225.445132 
-225.447315 
-225.449414 
-225.451433 
-225.453378 
-225.455252 
-225.457060 
-225.458806 
-225.460494 
-225.462127 
-225.463707 
-225.465239 
-225.466725 
-225.468168 
-225.469570 
-225.470933 
-225.472260 
-225.473552 
-225.474812 
-225.476041 
-225.477240 
-225.478412 
-225.479558 
-225.480679 
-225.481776 
-225.482850 
-225.483903 
-225.484936 
-225.485948 
-225.486942 
-225.487919 
-225.488877 
-225.489820 
-225.490747 
-225.491659 
-225.492556 
-225.493439 
-225.494309 
-225.495166 
-225.496010 
-225.496843 
-225.497664 
-225.498473 
-225.499272 
-225.500061 
-225.500840 
-225.501608 
-225.502368 
-225.503118 
-225.503859 
-225.504592 
-225.505317 
-225.506033 
-225.506742 
-225.507443 
-225.508137 
-225.508823 
-225.509503 
-225.510176 
-225.510843 
-225.511503 
-225.512156 
-225.512804 
-225.513446 
-225.514082 
-225.514713 
-225.515338 
-225.515958 
-225.516573 
-225.517182 
-225.517787 
-225.518387 
-225.518982 
-225.519573 
-225.520159 
-225.520740 
-225.521318 
-225.521891 
-225.522459 
-225.523024 
-225.523585 
-225.524142 
-225.524695 
-225.525244 
-225.525789 
-225.526331 
-225.526869 
-225.527404 
-225.527935 
-225.528463 
-225.528987 
-225.529508 
-225.530026 
-225.530540 
-225.531051 
-225.531559 
-225.532064 
-225.532565 
-225.533064 
-225.533560 
-225.534052 
-225.534541 
-225.535028 
-225.535512 
-225.535992 
-225.536470 
-225.536945 
-225.537417 
-225.537886 
-225.538352 
-225.538816 
-225.539276 
-225.539734 
-225.540189 
-225.540642 
-225.541091 
-225.541538 
-225.541982 
-225.542424 
-225.542863 
-225.543299 
-225.543732 
-225.544163 
-225.544591 
-225.545017 
-225.545440 
-225.545860 
-225.546278 
-225.546693 
-225.547106 
-225.547516 
-225.547924 
-225.548329 
-225.548732 
-225.549132 
-225.549530 
-225.549925 
-225.550318 
-225.550708 
-225.551097 
-225.551482 
-225.551866 
-225.552247 
-225.552626 
-225.553003 
-225.553377 
-225.553749 
-225.554119 
-225.554487 
-225.554853 
-225.555217 
-225.555578 
-225.555938 
-225.556295 
-225.556651 
-225.557004 
-225.557356 
-225.557706 
-225.558054 
-225.558400 
-225.558744 
-225.559086 
-225.559427 
-225.559766 
-225.560104 
-225.560439 
-225.560773 
-225.561106 
-225.561437 
-225.561766 
-225.562094 
-225.562421 
-225.562746 
-225.563069 
-225.563391 
-225.563712 
-225.564032 
-225.564350 
-225.564667 
-225.564983 
-225.565298 
-225.565611 
-225.565924 
-225.566235 
-225.566545 
-225.566854 
-225.567162 
-225.567469 
-225.567776 
-225.568081 
-225.568385 
-225.568689 
-225.568991 
-225.569293 
-225.569594 
-225.569894 
-225.570193 
-225.570492 
-225.570790 
-225.571087 
-225.571384 
-225.571680 
-225.571975 
-225.572270 
-225.572564 
-225.572857 
-225.573150 
-225.573443 
-225.573735 
-225.574026 
-225.574317 
-225.574607 
-225.574897 
-225.575187 
-225.575476 
-225.575765 
-225.576053 
-225.576341 
-225.576628 
-225.576916 
-225.577202 
-225.577489 
-225.577775 
-225.578060 
-225.578346 
-225.578631 
-225.578915 
-225.579200 
-225.579483 
-225.579767 
-225.580050 
-225.580333 
-225.580615 
-225.580898 
-225.581179 
-225.581461 
-225.581742 
-225.582022 
-225.582302 
-225.582582 
-225.582862 
-225.583140 
-225.583419 
-225.583697 
-225.583975 
-225.584252 
-225.584528 
-225.584805 
-225.585080 
-225.585355 
-225.585630 
-225.585904 
-225.586177 
-225.586450 
-225.586722 
-225.586994 
-225.587265 
-225.587535 
-225.587805 
-225.588074 
-225.588343 
-225.588610 
-225.588877 
-225.589144 
-225.589409 
-225.589674 
-225.589938 
-225.590201 
-225.590464 
-225.590726 
-225.590987 
-225.591247 
-225.591507 
-225.591766 
-225.592024 
-225.592281 
-225.592538 
-225.592794 
-225.593049 
-225.593304 
-225.593558 
-225.593812 
-225.594065 
-225.594318 
-225.594570 
-225.594822 
-225.595074 
-225.595325 
-225.595576 
-225.595828 
-225.596079 
-225.596331 
-225.596583 
-225.596836 
-225.597090 
-225.597344 
-225.597600 
-225.597857 
-225.598115 
-225.598376 
-225.598639 
-225.598905 
-225.599174 
-225.599446 
-225.599722 
-225.600002 
-225.600288 
-225.600580 
-225.600877 
-225.601182 
-225.601495 
-225.601817 
-225.602148 
-225.602490 
-225.602844 
-225.603211 
-225.603592 
-225.603989 
-225.604402 
-225.604833 
-225.605284 
-225.605756 
-225.606249 
-225.606766 
-225.607307 
-225.607873 
-225.608465 
-225.609083 
-225.609727 
-225.610397 
-225.611092 
-225.611810 
-225.612550 
-225.613311 
-225.614088 
-225.614880 
-225.615683 
-225.616494 
-225.617308 
-225.618122 
-225.618934 
-225.619738 
-225.620533 
-225.621315 
-225.622081 
-225.622830 
-225.623561 
-225.624271 
-225.624959 
-225.625626 
-225.626271 
-225.626894 
-225.627496 
-225.628076 
-225.628636 
-225.629176 
-225.629697 
-225.630199 
-225.630685 
-225.631155 
-225.631610 
-225.632050 
-225.632477 
-225.632892 
-225.633295 
-225.633688 
-225.634070 
-225.634444 
-225.634809 
-225.635166 
-225.635515 
-225.635858 
-225.636195 
-225.636526 
-225.636851 
-225.637172 
-225.637488 
-225.637799 
-225.638107 
-225.638411 
-225.638711 
-225.639008 
-225.639302 
-225.639594 
-225.639883 
-225.640169 
-225.640453 
-225.640735 
-225.641015 
-225.641292 
-225.641568 
-225.641843 
-225.642115 
-225.642387 
-225.642656 
-225.642925 
-225.643192 
-225.643458 
-225.643722 
-225.643986 
-225.644248 
-225.644510 
-225.644770 
-225.645029 
-225.645288 
-225.645546 
-225.645803 
-225.646059 
-225.646315 
-225.646569 
-225.646823 
-225.647077 
-225.647330 
-225.647582 
-225.647834 
-225.648085 
-225.648336 
-225.648586 
-225.648836 
-225.649086 
-225.649335 
-225.649583 
-225.649832 
-225.650080 
-225.650328 
-225.650575 
-225.650822 
-225.651069 
-225.651316 
-225.651563 
-225.651809 
-225.652055 
-225.652301 
-225.652547 
-225.652793 
-225.653038 
-225.653284 
-225.653529 
-225.653774 
-225.654020 
-225.654265 
-225.654510 
-225.654755 
-225.655000 
-225.655245 
-225.655490 
-225.655735 
-225.655979 
-225.656224 
-225.656469 
-225.656714 
-225.656959 
-225.657204 
-225.657448 
-225.657693 
-225.657938 
-225.658183 
-225.658428 
-225.658672 
-225.658917 
-225.659162 
-225.659407 
-225.659651 
-225.659896 
-225.660141 
-225.660385 
-225.660630 
-225.660874 
-225.661119 
-225.661363 
-225.661607 
-225.661851 
-225.662096 
-225.662340 
-225.662583 
-225.662827 
-225.663071 
-225.663314 
-225.663558 
-225.663801 
-225.664044 
-225.664286 
-225.664529 
-225.664771 
-225.665013 
-225.665255 
-225.665497 
-225.665738 
-225.665979 
-225.666220 
-225.666460 
-225.666700 
-225.666940 
-225.667179 
-225.667418 
-225.667657 
-225.667895 
-225.668133 
-225.668370 
-225.668607 
-225.668843 
-225.669079 
-225.669314 
-225.669549 
-225.669784 
-225.670018 
-225.670251 
-225.670484 
-225.670716 
-225.670948 
-225.671179 
-225.671409 
-225.671639 
-225.671868 
-225.672096 
-225.672324 
-225.672551 
-225.672778 
-225.673004 
-225.673229 
-225.673453 
-225.673677 
-225.673900 
-225.674122 
-225.674344 
-225.674565 
-225.674785 
-225.675004 
-225.675222 
-225.675440 
-225.675657 
-225.675873 
-225.676089 
-225.676303 
-225.676517 
-225.676730 
-225.676943 
-225.677154 
-225.677365 
-225.677575 
-225.677784 
-225.677992 
-225.678200 
-225.678406 
-225.678612 
-225.678817 
-225.679022 
-225.679225 
-225.679428 
-225.679630 
-225.679831 
-225.680032 
-225.680231 
-225.680430 
-225.680628 
-225.680826 
-225.681022 
-225.681218 
-225.681413 
-225.681607 
-225.681801 
-225.681994 
-225.682186 
-225.682378 
-225.682568 
-225.682759 
-225.682948 
-225.683137 
-225.683325 
-225.683512 
-225.683699 
-225.683885 
-225.684071 
-225.684255 
-225.684440 
-225.684623 
-225.684806 
-225.684989 
-225.685171 
-225.685352 
-225.685533 
-225.685713 
-225.685893 
-225.686072 
-225.686251 
-225.686429 
-225.686607 
-225.686784 
-225.686961 
-225.687137 
-225.687313 
-225.687489 
-225.687664 
-225.687838 
-225.688013 
-225.688187 
-225.688360 
-225.688533 
-225.688706 
-225.688879 
-225.689051 
-225.689223 
-225.689395 
-225.689566 
-225.689737 
-225.689908 
-225.690078 
-225.690249 
-225.690419 
-225.690589 
-225.690758 
-225.690928 
-225.691097 
-225.691266 
-225.691435 
-225.691604 
-225.691772 
-225.691940 
-225.692109 
-225.692277 
-225.692445 
-225.692613 
-225.692780 
-225.692948 
-225.693116 
-225.693283 
-225.693450 
-225.693618 
-225.693785 
-225.693952 
-225.694119 
-225.694286 
-225.694453 
-225.694620 
-225.694786 
-225.694953 
-225.695119 
-225.695286 
-225.695452 
-225.695619 
-225.695785 
-225.695951 
-225.696117 
-225.696283 
-225.696449 
-225.696615 
-225.696781 
-225.696947 
-225.697112 
-225.697278 
-225.697443 
-225.697609 
-225.697774 
-225.697939 
-225.698104 
-225.698269 
-225.698433 
-225.698598 
-225.698762 
-225.698927 
-225.699091 
-225.699255 
-225.699418 
-225.699582 
-225.699745 
-225.699908 
-225.700071 
-225.700234 
-225.700397 
-225.700559 
-225.700721 
-225.700883 
-225.701044 
-225.701205 
-225.701366 
-225.701527 
-225.701687 
-225.701847 
-225.702007 
-225.702166 
-225.702325 
-225.702484 
-225.702642 
-225.702800 
-225.702957 
-225.703114 
-225.703271 
-225.703427 
-225.703583 
-225.703739 
-225.703894 
-225.704048 
-225.704202 
-225.704356 
-225.704509 
-225.704662 
-225.704814 
-225.704966 
-225.705117 
-225.705268 
-225.705418 
-225.705567 
-225.705716 
-225.705865 
-225.706013 
-225.706161 
-225.706308 
-225.706454 
-225.706600 
-225.706745 
-225.706890 
-225.707034 
-225.707177 
-225.707320 
-225.707463 
-225.707604 
-225.707746 
-225.707886 
-225.708026 
-225.708165 
-225.708304 
-225.708442 
-225.708580 
-225.708717 
-225.708853 
-225.708989 
-225.709124 
-225.709259 
-225.709392 
-225.709526 
