0.000000 0.000000 0.000000 0.000000 
0.000000 0.050000 0.000000 0.000000 
0.000000 0.100000 0.000000 0.000000 
0.000000 0.150000 0.000000 0.000000 
0.000000 0.200000 0.000000 0.000000 
0.000000 0.250000 0.000000 0.000000 
0.000000 0.300000 0.000000 0.000000 
0.000000 0.350000 0.000000 0.000000 
0.000000 0.400000 0.000000 0.000000 
0.000000 0.450000 0.000000 0.000000 
0.000000 0.500000 0.000000 0.000000 
0.000000 0.550000 0.000000 0.000000 
0.000000 0.600000 0.000000 0.000000 
0.000000 0.650000 0.000000 0.000000 
0.000000 0.700000 0.000000 0.000000 
0.000000 0.750000 0.000000 0.000000 
0.000000 0.800000 0.000000 0.000000 
0.000000 0.850000 0.000000 0.000000 
0.000000 0.900000 0.000000 0.000000 
0.000000 0.950000 0.000000 0.000000 
0.000000 1.000000 0.000000 0.000000 
0.050000 0.000000 0.000000 0.000000 
0.050000 0.050000 0.000000 0.000000 
0.050000 0.100000 0.000000 0.000000 
0.050000 0.150000 0.000000 0.000000 
0.050000 0.200000 0.000000 0.000000 
0.050000 0.250000 0.000000 0.000000 
0.050000 0.300000 0.000000 0.000000 
0.050000 0.350000 0.000000 0.000000 
0.050000 0.400000 0.000000 0.000000 
0.050000 0.450000 0.000000 0.000000 
0.050000 0.500000 0.000000 0.000000 
0.050000 0.550000 0.000000 0.000000 
0.050000 0.600000 0.000000 0.000000 
0.050000 0.650000 0.000000 0.000000 
0.050000 0.700000 0.000000 0.000000 
0.050000 0.750000 0.000000 0.000000 
0.050000 0.800000 0.000000 0.000000 
0.050000 0.850000 0.000000 0.000000 
0.050000 0.900000 0.000000 0.000000 
0.050000 0.950000 0.000000 0.000000 
0.050000 1.000000 0.000000 0.000000 
0.100000 0.000000 0.000000 0.000000 
0.100000 0.050000 0.000000 0.000000 
0.100000 0.100000 0.000000 0.000000 
0.100000 0.150000 0.000000 0.000000 
0.100000 0.200000 0.000000 0.000000 
0.100000 0.250000 0.000000 0.000000 
0.100000 0.300000 0.000000 0.000000 
0.100000 0.350000 0.000000 0.000000 
0.100000 0.400000 0.000000 0.000000 
0.100000 0.450000 0.000000 0.000000 
0.100000 0.500000 0.000000 0.000000 
0.100000 0.550000 0.000000 0.000000 
0.100000 0.600000 0.000000 0.000000 
0.100000 0.650000 0.000000 0.000000 
0.100000 0.700000 0.000000 0.000000 
0.100000 0.750000 0.000000 0.000000 
0.100000 0.800000 0.000000 0.000000 
0.100000 0.850000 0.000000 0.000000 
0.100000 0.900000 0.000000 0.000000 
0.100000 0.950000 0.000000 0.000000 
0.100000 1.000000 0.000000 0.000000 
0.150000 0.000000 0.000000 0.000000 
0.150000 0.050000 0.000000 0.000000 
0.150000 0.100000 0.000000 0.000000 
0.150000 0.150000 0.000000 0.000000 
0.150000 0.200000 0.000000 0.000000 
0.150000 0.250000 0.000000 0.000000 
0.150000 0.300000 0.000000 0.000000 
0.150000 0.350000 0.000000 0.000000 
0.150000 0.400000 0.000000 0.000000 
0.150000 0.450000 0.000000 0.000000 
0.150000 0.500000 0.000000 0.000000 
0.150000 0.550000 0.000000 0.000000 
0.150000 0.600000 0.000000 0.000000 
0.150000 0.650000 0.000000 0.000000 
0.150000 0.700000 0.000000 0.000000 
0.150000 0.750000 0.000000 0.000000 
0.150000 0.800000 0.000000 0.000000 
0.150000 0.850000 0.000000 0.000000 
0.150000 0.900000 0.000000 0.000000 
0.150000 0.950000 0.000000 0.000000 
0.150000 1.000000 0.000000 0.000000 
0.200000 0.000000 0.000000 0.000000 
0.200000 0.050000 0.000000 0.000000 
0.200000 0.100000 0.000000 0.000000 
0.200000 0.150000 0.000000 0.000000 
0.200000 0.200000 0.000000 0.000000 
0.200000 0.250000 0.000000 0.000000 
0.200000 0.300000 0.000000 0.000000 
0.200000 0.350000 0.000000 0.000000 
0.200000 0.400000 0.000000 0.000000 
0.200000 0.450000 0.000000 0.000000 
0.200000 0.500000 0.000000 0.000000 
0.200000 0.550000 0.000000 0.000000 
0.200000 0.600000 0.000000 0.000000 
0.200000 0.650000 0.000000 0.000000 
0.200000 0.700000 0.000000 0.000000 
0.200000 0.750000 0.000000 0.000000 
0.200000 0.800000 0.000000 0.000000 
0.200000 0.850000 0.000000 0.000000 
0.200000 0.900000 0.000000 0.000000 
0.200000 0.950000 0.000000 0.000000 
0.200000 1.000000 0.000600 0.000500 
0.250000 0.000000 0.000000 0.000000 
0.250000 0.050000 0.000000 0.000000 
0.250000 0.100000 0.000000 0.000000 
0.250000 0.150000 0.000000 0.000000 
0.250000 0.200000 0.000000 0.000000 
0.250000 0.250000 0.000000 0.000000 
0.250000 0.300000 0.000000 0.000000 
0.250000 0.350000 0.000000 0.000000 
0.250000 0.400000 0.000000 0.000000 
0.250000 0.450000 0.000000 0.000000 
0.250000 0.500000 0.003306 0.006126 
0.250000 0.550000 0.002447 0.007618 
0.250000 0.600000 0.003947 0.013895 
0.250000 0.650000 0.003814 0.009283 
0.250000 0.700000 0.003989 0.010915 
0.250000 0.750000 0.004772 0.021690 
0.250000 0.800000 0.007652 0.045089 
0.250000 0.850000 0.004179 0.015299 
0.250000 0.900000 0.007796 0.036282 
0.250000 0.950000 0.005707 0.035564 
0.250000 1.000000 0.010465 0.157183 
0.300000 0.000000 0.000000 0.000000 
0.300000 0.050000 0.000000 0.000000 
0.300000 0.100000 0.000000 0.000000 
0.300000 0.150000 0.000000 0.000000 
0.300000 0.200000 0.000000 0.000000 
0.300000 0.250000 0.000000 0.000000 
0.300000 0.300000 0.005383 0.020333 
0.300000 0.350000 0.006191 0.061190 
0.300000 0.400000 0.008010 0.085132 
0.300000 0.450000 0.015990 0.198004 
0.300000 0.500000 0.022055 0.415494 
0.300000 0.550000 0.056300 0.449292 
0.300000 0.600000 0.055657 0.961517 
0.300000 0.650000 0.071799 0.721081 
0.300000 0.700000 0.078607 1.464330 
0.300000 0.750000 0.093638 0.515864 
0.300000 0.800000 0.105191 0.515279 
0.300000 0.850000 0.111861 0.556127 
0.300000 0.900000 0.123627 0.946242 
0.300000 0.950000 0.121855 0.773143 
0.300000 1.000000 0.134649 0.760396 
0.350000 0.000000 0.000000 0.000000 
0.350000 0.050000 0.000000 0.000000 
0.350000 0.100000 0.000000 0.000000 
0.350000 0.150000 0.000000 0.000000 
0.350000 0.200000 0.008093 0.032078 
0.350000 0.250000 0.017041 0.254197 
0.350000 0.300000 0.037601 0.591174 
0.350000 0.350000 0.077834 0.394659 
0.350000 0.400000 0.091862 0.607261 
0.350000 0.450000 0.119381 0.564259 
0.350000 0.500000 0.130951 0.496600 
0.350000 0.550000 0.147718 0.650328 
0.350000 0.600000 0.159460 0.609481 
0.350000 0.650000 0.171207 0.571274 
0.350000 0.700000 0.181563 0.626453 
0.350000 0.750000 0.187924 0.507069 
0.350000 0.800000 0.198482 0.464977 
0.350000 0.850000 0.200988 0.606436 
0.350000 0.900000 0.208798 0.634667 
0.350000 0.950000 0.213982 0.582265 
0.350000 1.000000 0.222139 0.480804 
0.400000 0.000000 0.000000 0.000000 
0.400000 0.050000 0.000000 0.000000 
0.400000 0.100000 0.000000 0.000000 
0.400000 0.150000 0.009123 0.078548 
0.400000 0.200000 0.038370 0.795100 
0.400000 0.250000 0.076829 0.547969 
0.400000 0.300000 0.111815 0.482593 
0.400000 0.350000 0.137364 0.542829 
0.400000 0.400000 0.157030 0.531975 
0.400000 0.450000 0.176675 0.502383 
0.400000 0.500000 0.193233 0.417264 
0.400000 0.550000 0.201468 0.589228 
0.400000 0.600000 0.215859 0.373888 
0.400000 0.650000 0.225737 0.451730 
0.400000 0.700000 0.237126 0.424603 
0.400000 0.750000 0.242065 0.421705 
0.400000 0.800000 0.250635 0.510050 
0.400000 0.850000 0.256604 0.342641 
0.400000 0.900000 0.265345 0.460573 
0.400000 0.950000 0.269570 0.483620 
0.400000 1.000000 0.277022 0.401893 
0.450000 0.000000 0.000000 0.000000 
0.450000 0.050000 0.000000 0.000000 
0.450000 0.100000 0.005627 0.039332 
0.450000 0.150000 0.035987 0.544715 
0.450000 0.200000 0.083174 0.491763 
0.450000 0.250000 0.119332 0.600118 
0.450000 0.300000 0.147143 0.529238 
0.450000 0.350000 0.171887 0.476385 
0.450000 0.400000 0.193243 0.458398 
0.450000 0.450000 0.213467 0.492198 
0.450000 0.500000 0.226254 0.405303 
0.450000 0.550000 0.239775 0.484679 
0.450000 0.600000 0.252714 0.468801 
0.450000 0.650000 0.264099 0.384649 
0.450000 0.700000 0.272057 0.425351 
0.450000 0.750000 0.280364 0.379850 
0.450000 0.800000 0.289106 0.429093 
0.450000 0.850000 0.298110 0.414080 
0.450000 0.900000 0.304374 0.374361 
0.450000 0.950000 0.309006 0.392769 
0.450000 1.000000 0.314974 0.412437 
0.500000 0.000000 0.000000 0.000000 
0.500000 0.050000 0.000000 0.000000 
0.500000 0.100000 0.025642 0.424563 
0.500000 0.150000 0.069581 0.388727 
0.500000 0.200000 0.111392 0.507394 
0.500000 0.250000 0.144799 0.564716 
0.500000 0.300000 0.169951 0.486494 
0.500000 0.350000 0.197899 0.514210 
0.500000 0.400000 0.219527 0.459730 
0.500000 0.450000 0.237382 0.442859 
0.500000 0.500000 0.253071 0.462191 
0.500000 0.550000 0.270743 0.436701 
0.500000 0.600000 0.281035 0.381271 
0.500000 0.650000 0.293061 0.415579 
0.500000 0.700000 0.302505 0.424072 
0.500000 0.750000 0.311301 0.496129 
0.500000 0.800000 0.319642 0.350283 
0.500000 0.850000 0.326020 0.391832 
0.500000 0.900000 0.331631 0.338985 
0.500000 0.950000 0.338545 0.370688 
0.500000 1.000000 0.344730 0.354422 
0.550000 0.000000 0.000000 0.000000 
0.550000 0.050000 0.000000 0.000000 
0.550000 0.100000 0.045112 0.682544 
0.550000 0.150000 0.085956 0.495778 
0.550000 0.200000 0.127414 0.442105 
0.550000 0.250000 0.160593 0.449005 
0.550000 0.300000 0.190743 0.460332 
0.550000 0.350000 0.219566 0.432604 
0.550000 0.400000 0.240224 0.428503 
0.550000 0.450000 0.260477 0.355150 
0.550000 0.500000 0.277218 0.397954 
0.550000 0.550000 0.292626 0.426985 
0.550000 0.600000 0.302342 0.406819 
0.550000 0.650000 0.314006 0.372533 
0.550000 0.700000 0.325124 0.404622 
0.550000 0.750000 0.336230 0.381791 
0.550000 0.800000 0.342724 0.347838 
0.550000 0.850000 0.350441 0.342074 
0.550000 0.900000 0.357247 0.338408 
0.550000 0.950000 0.363664 0.379641 
0.550000 1.000000 0.369345 0.343323 
0.600000 0.000000 0.000000 0.000000 
0.600000 0.050000 0.000000 0.000000 
0.600000 0.100000 0.054279 0.639463 
0.600000 0.150000 0.099065 0.571932 
0.600000 0.200000 0.139803 0.580494 
0.600000 0.250000 0.176519 0.500554 
0.600000 0.300000 0.207575 0.380042 
0.600000 0.350000 0.235440 0.368399 
0.600000 0.400000 0.256584 0.434543 
0.600000 0.450000 0.276678 0.426726 
0.600000 0.500000 0.294460 0.376152 
0.600000 0.550000 0.307119 0.401916 
0.600000 0.600000 0.323417 0.383427 
0.600000 0.650000 0.334074 0.353578 
0.600000 0.700000 0.345483 0.381187 
0.600000 0.750000 0.354699 0.399440 
0.600000 0.800000 0.362406 0.412231 
0.600000 0.850000 0.369996 0.377570 
0.600000 0.900000 0.375379 0.389101 
0.600000 0.950000 0.383954 0.370976 
0.600000 1.000000 0.388678 0.384253 
0.650000 0.000000 0.000000 0.000000 
0.650000 0.050000 0.000000 0.000000 
0.650000 0.100000 0.063372 0.531145 
0.650000 0.150000 0.109211 0.722818 
0.650000 0.200000 0.152230 0.516101 
0.650000 0.250000 0.189964 0.506798 
0.650000 0.300000 0.220186 0.477086 
0.650000 0.350000 0.248615 0.421191 
0.650000 0.400000 0.270829 0.406323 
0.650000 0.450000 0.291394 0.443635 
0.650000 0.500000 0.308665 0.421660 
0.650000 0.550000 0.322008 0.340700 
0.650000 0.600000 0.338416 0.349066 
0.650000 0.650000 0.349133 0.353671 
0.650000 0.700000 0.360961 0.363488 
0.650000 0.750000 0.370448 0.379470 
0.650000 0.800000 0.379584 0.346696 
0.650000 0.850000 0.386468 0.362386 
0.650000 0.900000 0.393792 0.319666 
0.650000 0.950000 0.401229 0.359677 
0.650000 1.000000 0.407068 0.327170 
0.700000 0.000000 0.000000 0.000000 
0.700000 0.050000 0.000000 0.000000 
0.700000 0.100000 0.070164 0.584415 
0.700000 0.150000 0.117495 0.515424 
0.700000 0.200000 0.161441 0.511440 
0.700000 0.250000 0.198142 0.451490 
0.700000 0.300000 0.232143 0.364255 
0.700000 0.350000 0.259770 0.415817 
0.700000 0.400000 0.283602 0.386125 
0.700000 0.450000 0.303645 0.399720 
0.700000 0.500000 0.320809 0.370521 
0.700000 0.550000 0.336865 0.354938 
0.700000 0.600000 0.352053 0.342878 
0.700000 0.650000 0.361321 0.326401 
0.700000 0.700000 0.374396 0.330054 
0.700000 0.750000 0.384410 0.345832 
0.700000 0.800000 0.392776 0.315957 
0.700000 0.850000 0.400739 0.340895 
0.700000 0.900000 0.409021 0.334780 
0.700000 0.950000 0.415332 0.331181 
0.700000 1.000000 0.421591 0.315224 
0.750000 0.000000 0.000000 0.000000 
0.750000 0.050000 0.000000 0.000000 
0.750000 0.100000 0.074690 0.587672 
0.750000 0.150000 0.123357 0.471987 
0.750000 0.200000 0.169579 0.533956 
0.750000 0.250000 0.207648 0.444302 
0.750000 0.300000 0.241364 0.415097 
0.750000 0.350000 0.269269 0.387813 
0.750000 0.400000 0.293633 0.394096 
0.750000 0.450000 0.314263 0.356572 
0.750000 0.500000 0.331617 0.379324 
0.750000 0.550000 0.349002 0.398716 
0.750000 0.600000 0.363602 0.336837 
0.750000 0.650000 0.375298 0.409378 
0.750000 0.700000 0.387139 0.343683 
0.750000 0.750000 0.396829 0.333815 
0.750000 0.800000 0.406615 0.356885 
0.750000 0.850000 0.413208 0.300568 
0.750000 0.900000 0.422432 0.316904 
0.750000 0.950000 0.428954 0.321371 
0.750000 1.000000 0.435858 0.335673 
0.800000 0.000000 0.000000 0.000000 
0.800000 0.050000 0.000000 0.000000 
0.800000 0.100000 0.077889 0.656974 
0.800000 0.150000 0.129328 0.635769 
0.800000 0.200000 0.174772 0.388337 
0.800000 0.250000 0.214047 0.466285 
0.800000 0.300000 0.248314 0.436380 
0.800000 0.350000 0.276783 0.417233 
0.800000 0.400000 0.301978 0.365042 
0.800000 0.450000 0.322904 0.359450 
0.800000 0.500000 0.341551 0.380152 
0.800000 0.550000 0.358432 0.320728 
0.800000 0.600000 0.372389 0.339806 
0.800000 0.650000 0.384477 0.379609 
0.800000 0.700000 0.396780 0.320493 
0.800000 0.750000 0.407553 0.339542 
0.800000 0.800000 0.416611 0.317991 
0.800000 0.850000 0.425544 0.316716 
0.800000 0.900000 0.433320 0.308984 
0.800000 0.950000 0.440455 0.286793 
0.800000 1.000000 0.447504 0.327463 
0.850000 0.000000 0.000000 0.000000 
0.850000 0.050000 0.033617 1.148761 
0.850000 0.100000 0.082048 1.212689 
0.850000 0.150000 0.134263 0.526332 
0.850000 0.200000 0.181302 0.516934 
0.850000 0.250000 0.220869 0.425652 
0.850000 0.300000 0.255902 0.447545 
0.850000 0.350000 0.284560 0.463413 
0.850000 0.400000 0.307598 0.377709 
0.850000 0.450000 0.330930 0.351739 
0.850000 0.500000 0.350045 0.367818 
0.850000 0.550000 0.367904 0.328180 
0.850000 0.600000 0.382258 0.319575 
0.850000 0.650000 0.394856 0.330506 
0.850000 0.700000 0.407975 0.334585 
0.850000 0.750000 0.417073 0.336377 
0.850000 0.800000 0.426093 0.318634 
0.850000 0.850000 0.435349 0.300997 
0.850000 0.900000 0.444109 0.295682 
0.850000 0.950000 0.450386 0.288702 
0.850000 1.000000 0.457082 0.321878 
0.900000 0.000000 0.000000 0.000000 
0.900000 0.050000 0.000000 0.000000 
0.900000 0.100000 0.085020 0.729328 
0.900000 0.150000 0.137873 0.555297 
0.900000 0.200000 0.185038 0.446876 
0.900000 0.250000 0.226464 0.470366 
0.900000 0.300000 0.261439 0.400053 
0.900000 0.350000 0.291877 0.372082 
0.900000 0.400000 0.316691 0.361075 
0.900000 0.450000 0.337926 0.398633 
0.900000 0.500000 0.358384 0.341565 
0.900000 0.550000 0.374098 0.314317 
0.900000 0.600000 0.389222 0.356723 
0.900000 0.650000 0.404168 0.347896 
0.900000 0.700000 0.414959 0.335367 
0.900000 0.750000 0.425351 0.345246 
0.900000 0.800000 0.435739 0.307682 
0.900000 0.850000 0.445145 0.326013 
0.900000 0.900000 0.453770 0.304580 
0.900000 0.950000 0.461976 0.321176 
0.900000 1.000000 0.466847 0.298055 
0.950000 0.000000 0.000000 0.000000 
0.950000 0.050000 0.000000 0.000000 
0.950000 0.100000 0.089200 0.884690 
0.950000 0.150000 0.142387 0.498768 
0.950000 0.200000 0.191098 0.442529 
0.950000 0.250000 0.231720 0.451950 
0.950000 0.300000 0.267831 0.420195 
0.950000 0.350000 0.297345 0.426161 
0.950000 0.400000 0.323651 0.346682 
0.950000 0.450000 0.344372 0.376996 
0.950000 0.500000 0.364057 0.326424 
0.950000 0.550000 0.381858 0.327835 
0.950000 0.600000 0.396179 0.292077 
0.950000 0.650000 0.411269 0.305790 
0.950000 0.700000 0.423498 0.313177 
0.950000 0.750000 0.434093 0.311672 
0.950000 0.800000 0.444357 0.327204 
0.950000 0.850000 0.453620 0.339267 
0.950000 0.900000 0.461663 0.300706 
0.950000 0.950000 0.468663 0.328664 
0.950000 1.000000 0.475824 0.295737 
1.000000 0.000000 0.000000 0.000000 
1.000000 0.050000 0.000000 0.000000 
1.000000 0.100000 0.092314 0.621751 
1.000000 0.150000 0.145861 0.543324 
1.000000 0.200000 0.194933 0.425563 
1.000000 0.250000 0.235972 0.424521 
1.000000 0.300000 0.271397 0.427699 
1.000000 0.350000 0.302564 0.346610 
1.000000 0.400000 0.328081 0.328014 
1.000000 0.450000 0.350637 0.362953 
1.000000 0.500000 0.370659 0.336759 
1.000000 0.550000 0.388251 0.317203 
1.000000 0.600000 0.402623 0.344277 
1.000000 0.650000 0.417260 0.299443 
1.000000 0.700000 0.429626 0.327020 
1.000000 0.750000 0.440840 0.353151 
1.000000 0.800000 0.451198 0.284246 
1.000000 0.850000 0.460437 0.281783 
1.000000 0.900000 0.469736 0.294293 
1.000000 0.950000 0.477100 0.311760 
1.000000 1.000000 0.485106 0.318628 
