25.600000 24.800000 35.642671 
25.200000 24.800000 35.356470 
24.800000 24.600000 34.931361 
24.800000 24.200000 34.650830 
24.600000 23.800000 34.228643 
24.200000 23.800000 33.942304 
23.800000 23.600000 33.517160 
23.800000 23.200000 33.236727 
23.600000 22.800000 32.814631 
23.200000 22.800000 32.528142 
22.800000 22.600000 32.102959 
22.800000 22.200000 31.822633 
22.600000 21.800000 31.400637 
22.200000 21.800000 31.113984 
21.800000 21.600000 30.688760 
21.800000 21.200000 30.408551 
21.600000 20.800000 29.986664 
21.200000 20.800000 29.699832 
20.800000 20.600000 29.274562 
20.800000 20.200000 28.994482 
20.600000 19.800000 28.572714 
20.200000 19.800000 28.285685 
19.800000 19.600000 27.860366 
19.800000 19.200000 27.580428 
19.600000 18.800000 27.158792 
19.200000 18.800000 26.871546 
18.800000 18.600000 26.446172 
18.800000 18.200000 26.166391 
18.600000 17.800000 25.744902 
18.200000 17.800000 25.457415 
17.800000 17.600000 25.031980 
17.800000 17.200000 24.752374 
17.600000 16.800000 24.331050 
17.200000 16.800000 24.043294 
16.800000 16.600000 23.617790 
16.800000 16.200000 23.338380 
16.600000 15.800000 22.917242 
16.200000 15.800000 22.629185 
15.800000 15.600000 22.203603 
15.800000 15.200000 21.924416 
15.600000 14.800000 21.503488 
15.200000 14.800000 21.215089 
14.800000 14.600000 20.789420 
14.800000 14.200000 20.510485 
14.600000 13.800000 20.089798 
14.200000 13.800000 19.801010 
13.800000 13.600000 19.375242 
13.800000 13.200000 19.096597 
13.600000 12.800000 18.676188 
13.200000 12.800000 18.386952 
12.800000 12.600000 17.961069 
12.800000 12.200000 17.682760 
12.600000 11.800000 17.262677 
12.200000 11.800000 16.972920 
11.800000 11.600000 16.546903 
11.800000 11.200000 16.268989 
11.600000 10.800000 15.849290 
11.200000 10.800000 15.558920 
10.800000 10.600000 15.132746 
10.800000 10.200000 14.855302 
10.600000 9.800000 14.436066 
10.200000 9.800000 14.144964 
9.800000 9.600000 13.718601 
9.800000 9.200000 13.441726 
9.600000 8.800000 13.023056 
9.200000 8.800000 12.731064 
8.800000 8.600000 12.304471 
8.800000 8.200000 12.028300 
8.600000 7.800000 11.610340 
8.200000 7.800000 11.317243 
7.800000 7.600000 10.890363 
7.800000 7.200000 10.615084 
7.600000 6.800000 10.198039 
7.200000 6.800000 9.903535 
6.800000 6.600000 9.476286 
6.800000 6.200000 9.202174 
6.600000 5.800000 8.786353 
6.200000 5.800000 8.489994 
5.800000 5.600000 8.062258 
5.800000 5.200000 7.789737 
5.600000 4.800000 7.375636 
5.200000 4.800000 7.076722 
4.800000 4.600000 6.648308 
4.800000 4.200000 6.378087 
4.600000 3.800000 5.966574 
4.200000 3.800000 5.663921 
3.800000 3.600000 5.234501 
3.800000 3.200000 4.967897 
3.600000 2.800000 4.560702 
3.200000 2.800000 4.252058 
2.800000 2.600000 3.820995 
2.800000 2.200000 3.560899 
2.600000 1.800000 3.162278 
2.200000 1.800000 2.842534 
1.800000 1.600000 2.408319 
