5001.000000 
927.000000 
1114.000000 
2677.000000 
377.000000 
1959.000000 
1394.000000 
746.000000 
368.000000 
251.000000 
2993.000000 
1609.000000 
784.000000 
1175.000000 
581.000000 
515.000000 
401.000000 
627.000000 
156.000000 
1258.000000 
2080.000000 
797.000000 
219.000000 
1361.000000 
1086.000000 
633.000000 
403.000000 
997.000000 
940.000000 
496.000000 
806.000000 
657.000000 
930.000000 
827.000000 
761.000000 
565.000000 
424.000000 
809.000000 
930.000000 
1038.000000 
844.000000 
1550.000000 
217.000000 
2078.000000 
436.000000 
1104.000000 
902.000000 
394.000000 
2095.000000 
566.000000 
635.000000 
641.000000 
1084.000000 
1704.000000 
1769.000000 
726.000000 
433.000000 
1364.000000 
575.000000 
541.000000 
1116.000000 
2109.000000 
424.000000 
958.000000 
219.000000 
664.000000 
1981.000000 
249.000000 
297.000000 
2424.000000 
363.000000 
596.000000 
843.000000 
953.000000 
503.000000 
597.000000 
503.000000 
568.000000 
354.000000 
1168.000000 
550.000000 
918.000000 
499.000000 
1864.000000 
1007.000000 
1045.000000 
1478.000000 
1015.000000 
699.000000 
1189.000000 
638.000000 
928.000000 
201.000000 
623.000000 
512.000000 
971.000000 
3564.000000 
533.000000 
337.000000 
448.000000 
149.000000 
557.000000 
277.000000 
295.000000 
495.000000 
574.000000 
931.000000 
957.000000 
665.000000 
595.000000 
554.000000 
1081.000000 
684.000000 
253.000000 
1851.000000 
885.000000 
202.000000 
528.000000 
454.000000 
966.000000 
799.000000 
423.000000 
934.000000 
683.000000 
582.000000 
1581.000000 
636.000000 
885.000000 
333.000000 
1309.000000 
439.000000 
1210.000000 
1442.000000 
822.000000 
741.000000 
669.000000 
406.000000 
634.000000 
1087.000000 
643.000000 
2338.000000 
1027.000000 
991.000000 
1880.000000 
176.000000 
544.000000 
941.000000 
578.000000 
970.000000 
360.000000 
511.000000 
699.000000 
265.000000 
1090.000000 
527.000000 
325.000000 
146.000000 
465.000000 
681.000000 
297.000000 
742.000000 
991.000000 
2920.000000 
361.000000 
1361.000000 
679.000000 
484.000000 
256.000000 
828.000000 
401.000000 
1035.000000 
1088.000000 
4169.000000 
1113.000000 
1694.000000 
168.000000 
739.000000 
712.000000 
483.000000 
1589.000000 
634.000000 
478.000000 
547.000000 
604.000000 
457.000000 
756.000000 
366.000000 
731.000000 
542.000000 
1019.000000 
585.000000 
334.000000 
817.000000 
483.000000 
803.000000 
433.000000 
627.000000 
636.000000 
266.000000 
902.000000 
1804.000000 
962.000000 
564.000000 
958.000000 
955.000000 
1571.000000 
227.000000 
1423.000000 
1325.000000 
790.000000 
1116.000000 
424.000000 
512.000000 
1775.000000 
1661.000000 
488.000000 
362.000000 
292.000000 
242.000000 
1291.000000 
1516.000000 
480.000000 
229.000000 
203.000000 
1471.000000 
1401.000000 
779.000000 
1519.000000 
437.000000 
413.000000 
363.000000 
484.000000 
1556.000000 
620.000000 
1075.000000 
335.000000 
2221.000000 
1095.000000 
1838.000000 
323.000000 
494.000000 
2381.000000 
838.000000 
1783.000000 
2387.000000 
2022.000000 
970.000000 
226.000000 
1432.000000 
178.000000 
772.000000 
306.000000 
703.000000 
621.000000 
792.000000 
2263.000000 
1453.000000 
470.000000 
683.000000 
991.000000 
1144.000000 
981.000000 
222.000000 
547.000000 
839.000000 
584.000000 
887.000000 
4830.000000 
432.000000 
1275.000000 
1767.000000 
242.000000 
1073.000000 
595.000000 
1384.000000 
380.000000 
433.000000 
850.000000 
1604.000000 
1710.000000 
310.000000 
1989.000000 
1048.000000 
499.000000 
1089.000000 
569.000000 
1242.000000 
5001.000000 
424.000000 
534.000000 
1729.000000 
443.000000 
494.000000 
1203.000000 
406.000000 
229.000000 
979.000000 
427.000000 
781.000000 
1102.000000 
380.000000 
456.000000 
759.000000 
269.000000 
655.000000 
578.000000 
1011.000000 
2221.000000 
920.000000 
2129.000000 
824.000000 
483.000000 
429.000000 
174.000000 
402.000000 
586.000000 
838.000000 
671.000000 
540.000000 
1560.000000 
1514.000000 
784.000000 
2766.000000 
488.000000 
730.000000 
210.000000 
1133.000000 
1300.000000 
1090.000000 
499.000000 
5001.000000 
981.000000 
1268.000000 
456.000000 
1111.000000 
1980.000000 
360.000000 
1074.000000 
275.000000 
536.000000 
1100.000000 
418.000000 
330.000000 
271.000000 
289.000000 
861.000000 
460.000000 
448.000000 
965.000000 
833.000000 
573.000000 
1139.000000 
503.000000 
423.000000 
945.000000 
453.000000 
714.000000 
956.000000 
945.000000 
838.000000 
546.000000 
5001.000000 
1086.000000 
1389.000000 
237.000000 
835.000000 
2377.000000 
1030.000000 
552.000000 
357.000000 
4531.000000 
891.000000 
1089.000000 
633.000000 
417.000000 
189.000000 
1587.000000 
241.000000 
2818.000000 
678.000000 
1089.000000 
846.000000 
1093.000000 
227.000000 
793.000000 
3733.000000 
370.000000 
901.000000 
976.000000 
772.000000 
1040.000000 
518.000000 
1188.000000 
239.000000 
631.000000 
996.000000 
557.000000 
380.000000 
319.000000 
2971.000000 
624.000000 
289.000000 
1072.000000 
371.000000 
505.000000 
989.000000 
447.000000 
315.000000 
828.000000 
1346.000000 
2464.000000 
750.000000 
755.000000 
1937.000000 
1741.000000 
1805.000000 
437.000000 
296.000000 
1461.000000 
620.000000 
431.000000 
440.000000 
1325.000000 
419.000000 
265.000000 
713.000000 
996.000000 
2697.000000 
632.000000 
632.000000 
427.000000 
1126.000000 
2937.000000 
5001.000000 
717.000000 
1100.000000 
553.000000 
230.000000 
630.000000 
471.000000 
250.000000 
512.000000 
577.000000 
462.000000 
673.000000 
445.000000 
599.000000 
1128.000000 
360.000000 
422.000000 
743.000000 
865.000000 
303.000000 
1994.000000 
4415.000000 
916.000000 
5001.000000 
433.000000 
777.000000 
230.000000 
1193.000000 
1351.000000 
162.000000 
224.000000 
634.000000 
2368.000000 
890.000000 
494.000000 
455.000000 
337.000000 
531.000000 
1243.000000 
263.000000 
257.000000 
1393.000000 
613.000000 
412.000000 
709.000000 
744.000000 
619.000000 
162.000000 
1622.000000 
1425.000000 
750.000000 
650.000000 
1248.000000 
1017.000000 
402.000000 
760.000000 
349.000000 
943.000000 
488.000000 
516.000000 
275.000000 
445.000000 
1941.000000 
452.000000 
571.000000 
1332.000000 
560.000000 
