0.000000 0.253905 0.000476 
0.010000 0.248838 0.000532 
0.020000 0.242237 0.000343 
0.030000 0.237043 0.000322 
0.040000 0.231129 0.000438 
0.050000 0.223825 0.000269 
0.060000 0.217732 0.000703 
0.070000 0.211655 0.000420 
0.080000 0.203129 0.000808 
0.090000 0.197029 0.000530 
0.100000 0.189319 0.000291 
0.110000 0.181589 0.000885 
0.120000 0.174353 0.000606 
0.130000 0.167254 0.000997 
0.140000 0.158689 0.000671 
0.150000 0.151261 0.001163 
0.160000 0.142206 0.000715 
0.170000 0.133264 0.000963 
0.180000 0.121297 0.001167 
0.190000 0.112463 0.001698 
0.200000 0.099591 0.001860 
0.210000 0.088986 0.001391 
0.220000 0.076387 0.003195 
0.230000 0.064523 0.003794 
0.240000 0.045496 0.003091 
0.250000 0.038671 0.002251 
0.260000 0.024694 0.004333 
0.270000 0.016414 0.002832 
0.280000 0.014659 0.002831 
0.290000 0.012108 0.001459 
0.300000 0.007208 0.001522 
0.310000 0.007398 0.001299 
0.320000 0.006223 0.001450 
0.330000 0.003761 0.001795 
0.340000 0.002223 0.000921 
0.350000 0.002273 0.000842 
0.360000 0.001620 0.000858 
0.370000 0.002307 0.000960 
0.380000 0.000793 0.000709 
0.390000 0.000911 0.000670 
0.400000 0.000000 0.000000 
0.410000 0.000484 0.000433 
0.420000 0.000000 0.000000 
0.430000 0.000567 0.000507 
0.440000 0.000000 0.000000 
0.450000 0.000659 0.000589 
0.460000 0.000000 0.000000 
0.470000 0.000000 0.000000 
0.480000 0.000000 0.000000 
0.490000 0.000000 0.000000 
0.500000 0.000000 0.000000 
0.510000 0.000000 0.000000 
0.520000 0.000000 0.000000 
0.530000 0.000000 0.000000 
0.540000 0.000000 0.000000 
0.550000 0.000000 0.000000 
0.560000 0.000000 0.000000 
0.570000 0.000437 0.000391 
0.580000 0.000000 0.000000 
0.590000 0.000000 0.000000 
0.600000 0.000000 0.000000 
0.610000 0.000000 0.000000 
0.620000 0.000000 0.000000 
0.630000 0.000000 0.000000 
0.640000 0.000000 0.000000 
0.650000 0.000000 0.000000 
0.660000 0.000000 0.000000 
0.670000 0.000000 0.000000 
0.680000 0.000000 0.000000 
0.690000 0.000000 0.000000 
0.700000 0.000000 0.000000 
0.710000 0.000000 0.000000 
0.720000 0.000000 0.000000 
0.730000 0.000000 0.000000 
0.740000 0.000000 0.000000 
0.750000 0.000000 0.000000 
0.760000 0.000000 0.000000 
0.770000 0.000000 0.000000 
0.780000 0.000000 0.000000 
0.790000 0.000000 0.000000 
0.800000 0.000000 0.000000 
0.810000 0.000000 0.000000 
0.820000 0.000000 0.000000 
0.830000 0.000000 0.000000 
0.840000 0.000000 0.000000 
0.850000 0.000000 0.000000 
0.860000 0.000000 0.000000 
0.870000 0.000000 0.000000 
0.880000 0.000000 0.000000 
0.890000 0.000000 0.000000 
0.900000 0.000000 0.000000 
0.910000 0.000000 0.000000 
0.920000 0.000000 0.000000 
0.930000 0.000000 0.000000 
0.940000 0.000000 0.000000 
0.950000 0.000000 0.000000 
0.960000 0.000000 0.000000 
0.970000 0.000000 0.000000 
0.980000 0.000000 0.000000 
0.990000 0.000000 0.000000 
1.000000 0.000000 0.000000 
