0.000000 0.126994 0.000159 
0.010000 0.124677 0.000188 
0.020000 0.122412 0.000269 
0.030000 0.120101 0.000410 
0.040000 0.118093 0.000257 
0.050000 0.115488 0.000346 
0.060000 0.113879 0.000216 
0.070000 0.111122 0.000181 
0.080000 0.109221 0.000152 
0.090000 0.106798 0.000260 
0.100000 0.104651 0.000374 
0.110000 0.101555 0.000222 
0.120000 0.098669 0.000283 
0.130000 0.096262 0.000326 
0.140000 0.094069 0.000297 
0.150000 0.091701 0.000186 
0.160000 0.089116 0.000392 
0.170000 0.086753 0.000221 
0.180000 0.083921 0.000336 
0.190000 0.081503 0.000234 
0.200000 0.078827 0.000205 
0.210000 0.075444 0.000252 
0.220000 0.072544 0.000351 
0.230000 0.069358 0.000302 
0.240000 0.065736 0.000583 
0.250000 0.063853 0.000290 
0.260000 0.060809 0.000309 
0.270000 0.056848 0.000241 
0.280000 0.053500 0.000456 
0.290000 0.050294 0.000709 
0.300000 0.045417 0.000623 
0.310000 0.041637 0.000528 
0.320000 0.037886 0.000576 
0.330000 0.033308 0.000969 
0.340000 0.028389 0.000572 
0.350000 0.020468 0.003999 
0.360000 0.015441 0.002768 
0.370000 0.007712 0.002380 
0.380000 0.003254 0.000533 
0.390000 0.002470 0.000512 
0.400000 0.001742 0.000362 
0.410000 0.002194 0.000413 
0.420000 0.001342 0.000188 
0.430000 0.001821 0.000174 
0.440000 0.001444 0.000489 
0.450000 0.000949 0.000317 
0.460000 0.001060 0.000203 
0.470000 0.000718 0.000110 
0.480000 0.000674 0.000109 
0.490000 0.000692 0.000107 
0.500000 0.000517 0.000117 
0.510000 0.000724 0.000116 
0.520000 0.000387 0.000071 
0.530000 0.000430 0.000187 
0.540000 0.000259 0.000064 
0.550000 0.000314 0.000030 
0.560000 0.000337 0.000070 
0.570000 0.000276 0.000075 
0.580000 0.000120 0.000050 
0.590000 0.000266 0.000061 
0.600000 0.000214 0.000068 
0.610000 0.000081 0.000028 
0.620000 0.000217 0.000040 
0.630000 0.000244 0.000075 
0.640000 0.000162 0.000040 
0.650000 0.000139 0.000025 
0.660000 0.000169 0.000048 
0.670000 0.000118 0.000035 
0.680000 0.000075 0.000032 
0.690000 0.000047 0.000030 
0.700000 0.000110 0.000065 
0.710000 0.000035 0.000019 
0.720000 0.000115 0.000051 
0.730000 0.000109 0.000048 
0.740000 0.000031 0.000028 
0.750000 0.000053 0.000030 
0.760000 0.000000 0.000000 
0.770000 0.000017 0.000015 
0.780000 0.000022 0.000020 
0.790000 0.000062 0.000039 
0.800000 0.000000 0.000000 
0.810000 0.000018 0.000016 
0.820000 0.000000 0.000000 
0.830000 0.000000 0.000000 
0.840000 0.000016 0.000014 
0.850000 0.000010 0.000009 
0.860000 0.000000 0.000000 
0.870000 0.000000 0.000000 
0.880000 0.000024 0.000021 
0.890000 0.000000 0.000000 
0.900000 0.000013 0.000012 
0.910000 0.000000 0.000000 
0.920000 0.000000 0.000000 
0.930000 0.000000 0.000000 
0.940000 0.000000 0.000000 
0.950000 0.000000 0.000000 
0.960000 0.000000 0.000000 
0.970000 0.000000 0.000000 
0.980000 0.000000 0.000000 
0.990000 0.000000 0.000000 
1.000000 0.000000 0.000000 
