0.200000 0.000000 0.000000 
0.210000 0.000000 0.000000 
0.220000 0.000000 0.000000 
0.230000 0.000000 0.000000 
0.240000 0.001499 0.000254 
0.250000 0.000000 0.000000 
0.260000 0.004491 0.000950 
0.270000 0.142635 0.009813 
0.280000 0.083897 0.010495 
0.290000 0.350939 0.019036 
0.300000 0.570902 0.023852 
0.310000 0.794825 0.018374 
0.320000 0.873677 0.012543 
0.330000 0.691144 0.009561 
0.340000 0.713424 0.009932 
0.350000 0.620368 0.008672 
0.360000 0.577452 0.009087 
0.370000 0.535614 0.007701 
0.380000 0.533666 0.007750 
0.390000 0.490397 0.006929 
0.400000 0.477778 0.006800 
0.410000 0.474841 0.007007 
0.420000 0.489297 0.006843 
0.430000 0.466124 0.006554 
0.440000 0.464724 0.006419 
0.450000 0.435210 0.006376 
0.460000 0.444592 0.006305 
0.470000 0.437916 0.006045 
0.480000 0.437078 0.006331 
0.490000 0.443670 0.006260 
0.500000 0.445288 0.006280 
