1.000000 6652.000000 
1.010000 6539.000000 
1.020000 6429.000000 
1.030000 6320.000000 
1.040000 6213.000000 
1.050000 6108.000000 
1.060000 6004.000000 
1.070000 5902.000000 
1.080000 5802.000000 
1.090000 5703.000000 
1.100000 5605.000000 
1.110000 5509.000000 
1.120000 5414.000000 
1.130000 5321.000000 
1.140000 5229.000000 
1.150000 5138.000000 
1.160000 5049.000000 
1.170000 4960.000000 
1.180000 4873.000000 
1.190000 4787.000000 
1.200000 4702.000000 
1.210000 4619.000000 
1.220000 4536.000000 
1.230000 4455.000000 
1.240000 4374.000000 
1.250000 4295.000000 
1.260000 4216.000000 
1.270000 4139.000000 
1.280000 4062.000000 
1.290000 3987.000000 
1.300000 3912.000000 
1.310000 3838.000000 
1.320000 3765.000000 
1.330000 3693.000000 
1.340000 3621.000000 
1.350000 3551.000000 
1.360000 3481.000000 
1.370000 3412.000000 
1.380000 3344.000000 
1.390000 3276.000000 
1.400000 3210.000000 
1.410000 3144.000000 
1.420000 3078.000000 
1.430000 3014.000000 
1.440000 2950.000000 
1.450000 2886.000000 
1.460000 2823.000000 
1.470000 2761.000000 
1.480000 2700.000000 
1.490000 2639.000000 
1.500000 2578.000000 
1.510000 2518.000000 
1.520000 2459.000000 
1.530000 2400.000000 
1.540000 2342.000000 
1.550000 2284.000000 
1.560000 2227.000000 
1.570000 2170.000000 
1.580000 2114.000000 
1.590000 2058.000000 
1.600000 2003.000000 
1.610000 1948.000000 
1.620000 1893.000000 
1.630000 1839.000000 
1.640000 1786.000000 
1.650000 1732.000000 
1.660000 1679.000000 
1.670000 1627.000000 
1.680000 1574.000000 
1.690000 1522.000000 
1.700000 1471.000000 
1.710000 1419.000000 
1.720000 1368.000000 
1.730000 1318.000000 
1.740000 1267.000000 
1.750000 1217.000000 
1.760000 1167.000000 
1.770000 1117.000000 
1.780000 1067.000000 
1.790000 1018.000000 
1.800000 968.000000 
1.810000 919.000000 
1.820000 870.000000 
1.830000 820.000000 
1.840000 771.000000 
1.850000 721.000000 
1.860000 672.000000 
1.870000 622.000000 
1.880000 571.000000 
1.890000 520.000000 
1.900000 468.000000 
1.910000 414.000000 
1.920000 356.000000 
1.930000 293.000000 
1.940000 197.000000 
1.950000 231.000000 
1.960000 286.000000 
1.970000 378.000000 
1.980000 563.000000 
1.990000 1114.000000 
