1.000000 0.400337 
1.000000 0.400337 
1.000000 0.400016 
1.000000 0.400016 
1.414214 0.332481 
1.414214 0.332161 
1.414214 0.332161 
1.414214 0.331844 
2.000000 0.287997 
2.000000 0.287997 
2.000000 0.287348 
2.000000 0.287348 
2.236068 0.265206 
2.236068 0.264892 
2.236068 0.265206 
2.236068 0.264560 
2.236068 0.264892 
2.236068 0.264249 
2.236068 0.264560 
2.236068 0.264249 
2.828427 0.228438 
2.828427 0.227802 
2.828427 0.227802 
2.828427 0.227174 
3.000000 0.222693 
3.000000 0.222693 
3.000000 0.221701 
3.000000 0.221701 
3.162278 0.213040 
3.162278 0.212734 
3.162278 0.213040 
3.162278 0.212050 
3.162278 0.212734 
3.162278 0.211751 
3.162278 0.212050 
3.162278 0.211751 
3.605551 0.192221 
3.605551 0.191602 
3.605551 0.192221 
3.605551 0.191247 
3.605551 0.191602 
3.605551 0.190642 
3.605551 0.191247 
3.605551 0.190642 
4.000000 0.178089 
4.000000 0.178089 
4.000000 0.176729 
4.000000 0.176729 
4.123106 0.173119 
4.123106 0.172826 
4.123106 0.173119 
4.123106 0.171763 
4.123106 0.172826 
4.123106 0.171479 
4.123106 0.171763 
4.123106 0.171479 
4.242641 0.167909 
4.242641 0.166962 
4.242641 0.166962 
4.242641 0.166036 
4.472136 0.160546 
4.472136 0.159953 
4.472136 0.160546 
4.472136 0.159212 
4.472136 0.159953 
4.472136 0.158637 
4.472136 0.159212 
4.472136 0.158637 
5.000000 0.144739 
5.000000 0.144098 
5.000000 0.143191 
5.000000 0.144098 
5.000000 0.142802 
5.000000 0.144739 
5.000000 0.142978 
5.000000 0.143191 
5.000000 0.141922 
5.000000 0.142802 
5.000000 0.141922 
5.000000 0.142978 
5.099020 0.141811 
5.099020 0.141533 
5.099020 0.141811 
5.099020 0.140055 
5.099020 0.141533 
5.099020 0.139789 
5.099020 0.140055 
5.099020 0.139789 
5.385165 0.133733 
5.385165 0.133172 
5.385165 0.133733 
5.385165 0.132006 
5.385165 0.133172 
5.385165 0.131468 
5.385165 0.132006 
5.385165 0.131468 
5.656854 0.126525 
5.656854 0.125283 
5.656854 0.125283 
5.656854 0.124078 
5.830952 0.122354 
5.830952 0.121497 
5.830952 0.122354 
5.830952 0.120678 
5.830952 0.121497 
5.830952 0.119855 
5.830952 0.120678 
5.830952 0.119855 
6.000000 0.118459 
6.000000 0.118459 
6.000000 0.116255 
6.000000 0.116255 
6.082763 0.116582 
6.082763 0.116324 
6.082763 0.116582 
6.082763 0.114385 
6.082763 0.116324 
6.082763 0.114140 
6.082763 0.114385 
6.082763 0.114140 
6.324555 0.111126 
6.324555 0.110604 
6.324555 0.111126 
6.324555 0.108966 
6.324555 0.110604 
6.324555 0.108471 
6.324555 0.108966 
6.324555 0.108471 
6.403124 0.109393 
6.403124 0.108220 
6.403124 0.109393 
6.403124 0.107788 
6.403124 0.108220 
6.403124 0.106661 
6.403124 0.107788 
6.403124 0.106661 
6.708204 0.103061 
6.708204 0.102263 
6.708204 0.103061 
6.708204 0.100965 
6.708204 0.102263 
6.708204 0.100209 
6.708204 0.100965 
6.708204 0.100209 
7.000000 0.097040 
7.000000 0.097040 
7.000000 0.094337 
7.000000 0.094337 
7.071068 0.095771 
7.071068 0.095535 
7.071068 0.096072 
7.071068 0.094557 
7.071068 0.095771 
7.071068 0.093078 
7.071068 0.095535 
7.071068 0.092858 
7.071068 0.094557 
7.071068 0.093100 
7.071068 0.093078 
7.071068 0.092858 
7.211103 0.093437 
7.211103 0.092347 
7.211103 0.093437 
7.211103 0.091431 
7.211103 0.092347 
7.211103 0.090396 
7.211103 0.091431 
7.211103 0.090396 
7.280110 0.091948 
7.280110 0.091471 
7.280110 0.091948 
7.280110 0.089302 
7.280110 0.091471 
7.280110 0.088857 
7.280110 0.089302 
7.280110 0.088857 
7.615773 0.086111 
7.615773 0.085381 
7.615773 0.086111 
7.615773 0.083545 
7.615773 0.085381 
7.615773 0.082864 
7.615773 0.083545 
7.615773 0.082864 
7.810250 0.083128 
7.810250 0.081720 
7.810250 0.083128 
7.810250 0.081236 
7.810250 0.081720 
7.810250 0.079898 
7.810250 0.081236 
7.810250 0.079898 
8.000000 0.079144 
8.000000 0.079144 
8.000000 0.075877 
8.000000 0.075877 
8.062258 0.078259 
8.062258 0.078047 
8.062258 0.078907 
8.062258 0.077910 
8.062258 0.078907 
8.062258 0.076453 
8.062258 0.078259 
8.062258 0.075005 
8.062258 0.078047 
8.062258 0.074812 
8.062258 0.077910 
8.062258 0.075523 
8.062258 0.076453 
8.062258 0.075523 
8.062258 0.075005 
8.062258 0.074812 
8.246211 0.075513 
8.246211 0.075086 
8.246211 0.075513 
8.246211 0.072317 
8.246211 0.075086 
8.246211 0.071927 
8.246211 0.072317 
8.246211 0.071927 
8.485281 0.072748 
8.485281 0.070991 
8.485281 0.070991 
8.485281 0.069320 
8.544004 0.071224 
8.544004 0.070571 
8.544004 0.071224 
8.544004 0.068128 
8.544004 0.070571 
8.544004 0.067531 
8.544004 0.068128 
8.544004 0.067531 
8.602325 0.070938 
8.602325 0.069652 
8.602325 0.070938 
8.602325 0.068627 
8.602325 0.069652 
8.602325 0.067424 
8.602325 0.068627 
8.602325 0.067424 
8.944272 0.065799 
8.944272 0.064906 
8.944272 0.065799 
8.944272 0.062842 
8.944272 0.064906 
8.944272 0.062025 
8.944272 0.062842 
8.944272 0.062025 
9.000000 0.063883 
9.000000 0.063883 
9.000000 0.059971 
9.000000 0.059971 
9.055385 0.063254 
9.055385 0.063069 
9.055385 0.063254 
9.055385 0.059359 
9.055385 0.063069 
9.055385 0.059195 
9.055385 0.059359 
9.055385 0.059195 
9.219544 0.061255 
9.219544 0.060881 
9.219544 0.062679 
9.219544 0.061076 
9.219544 0.062679 
9.219544 0.060535 
9.219544 0.061255 
9.219544 0.057432 
9.219544 0.060881 
9.219544 0.057100 
9.219544 0.061076 
9.219544 0.059034 
9.219544 0.060535 
9.219544 0.059034 
9.219544 0.057432 
9.219544 0.057100 
9.433981 0.059648 
9.433981 0.058497 
9.433981 0.059648 
9.433981 0.056865 
9.433981 0.058497 
9.433981 0.055811 
9.433981 0.056865 
9.433981 0.055811 
9.486833 0.058080 
9.486833 0.057509 
9.486833 0.058080 
9.486833 0.054379 
9.486833 0.057509 
9.486833 0.053872 
9.486833 0.054379 
9.486833 0.053872 
9.848858 0.053990 
9.848858 0.053210 
9.848858 0.053990 
9.848858 0.050460 
9.848858 0.053210 
9.848858 0.049767 
9.848858 0.050460 
9.848858 0.049767 
9.899495 0.054462 
9.899495 0.052509 
9.899495 0.052509 
9.899495 0.050676 
10.000000 0.050619 
10.000000 0.053123 
10.000000 0.051691 
10.000000 0.053123 
10.000000 0.050546 
10.000000 0.050619 
10.000000 0.045963 
10.000000 0.051691 
10.000000 0.049231 
10.000000 0.050546 
10.000000 0.049231 
10.000000 0.045963 
10.049876 0.050170 
10.049876 0.050013 
10.049876 0.050170 
10.049876 0.045537 
10.049876 0.050013 
10.049876 0.045403 
10.049876 0.045537 
10.049876 0.045403 
10.198039 0.048712 
10.198039 0.048395 
10.198039 0.048712 
10.198039 0.044167 
10.198039 0.048395 
10.198039 0.043898 
10.198039 0.044167 
10.198039 0.043898 
10.295630 0.049265 
10.295630 0.048260 
10.295630 0.049265 
10.295630 0.045949 
10.295630 0.048260 
10.295630 0.045054 
10.295630 0.045949 
10.295630 0.045054 
10.440307 0.046366 
10.440307 0.045883 
10.440307 0.046366 
10.440307 0.041974 
10.440307 0.045883 
10.440307 0.041562 
10.440307 0.041974 
10.440307 0.041562 
10.630146 0.046493 
10.630146 0.044749 
10.630146 0.046493 
10.630146 0.044148 
10.630146 0.044749 
10.630146 0.042544 
10.630146 0.044148 
10.630146 0.042544 
10.770330 0.043304 
10.770330 0.042645 
10.770330 0.043304 
10.770330 0.039122 
10.770330 0.042645 
10.770330 0.038559 
10.770330 0.039122 
10.770330 0.038559 
10.816654 0.044159 
10.816654 0.042909 
10.816654 0.044159 
10.816654 0.041093 
10.816654 0.042909 
10.816654 0.039978 
10.816654 0.041093 
10.816654 0.039978 
11.000000 0.038865 
11.000000 0.038865 
11.000000 0.033348 
11.000000 0.033348 
11.045361 0.038548 
11.045361 0.038421 
11.045361 0.038548 
11.045361 0.033060 
11.045361 0.038421 
11.045361 0.032959 
11.045361 0.033060 
11.045361 0.032959 
11.180340 0.037499 
11.180340 0.037242 
11.180340 0.039716 
11.180340 0.038867 
11.180340 0.039716 
11.180340 0.035794 
11.180340 0.037499 
11.180340 0.032122 
11.180340 0.037242 
11.180340 0.031917 
11.180340 0.038867 
11.180340 0.035067 
11.180340 0.035794 
11.180340 0.035067 
11.180340 0.032122 
11.180340 0.031917 
11.313708 0.039942 
11.313708 0.037851 
11.313708 0.037851 
11.313708 0.035924 
11.401754 0.035796 
11.401754 0.035404 
11.401754 0.038880 
11.401754 0.037360 
11.401754 0.038880 
11.401754 0.036096 
11.401754 0.035796 
11.401754 0.030606 
11.401754 0.035404 
11.401754 0.030293 
11.401754 0.037360 
11.401754 0.034736 
11.401754 0.036096 
11.401754 0.034736 
11.401754 0.030606 
11.401754 0.030293 
11.661904 0.035782 
11.661904 0.034726 
11.661904 0.035782 
11.661904 0.032163 
11.661904 0.034726 
11.661904 0.031259 
11.661904 0.032163 
11.661904 0.031259 
11.704700 0.033550 
11.704700 0.033015 
11.704700 0.033550 
11.704700 0.028617 
11.704700 0.033015 
11.704700 0.028190 
11.704700 0.028617 
11.704700 0.028190 
12.000000 0.028234 
12.000000 0.028234 
12.000000 0.021713 
12.000000 0.021713 
12.041595 0.028018 
12.041595 0.027922 
12.041595 0.033581 
12.041595 0.031763 
12.041595 0.033581 
12.041595 0.031104 
12.041595 0.028018 
12.041595 0.021535 
12.041595 0.027922 
12.041595 0.021467 
12.041595 0.031763 
12.041595 0.029472 
12.041595 0.031104 
12.041595 0.029472 
12.041595 0.021535 
12.041595 0.021467 
12.083046 0.030889 
12.083046 0.030202 
12.083046 0.030889 
12.083046 0.026274 
12.083046 0.030202 
12.083046 0.025723 
12.083046 0.026274 
12.083046 0.025723 
12.165525 0.027292 
12.165525 0.027098 
12.165525 0.027292 
12.165525 0.020948 
12.165525 0.027098 
12.165525 0.020810 
12.165525 0.020948 
12.165525 0.020810 
12.206556 0.031658 
12.206556 0.030376 
12.206556 0.031658 
12.206556 0.028379 
12.206556 0.030376 
12.206556 0.027277 
12.206556 0.028379 
12.206556 0.027277 
12.369317 0.026106 
12.369317 0.025809 
12.369317 0.026106 
12.369317 0.019994 
12.369317 0.025809 
12.369317 0.019784 
12.369317 0.019994 
12.369317 0.019784 
12.529964 0.027939 
12.529964 0.027086 
12.529964 0.027939 
12.529964 0.023693 
12.529964 0.027086 
12.529964 0.023007 
12.529964 0.023693 
12.529964 0.023007 
12.649111 0.024530 
12.649111 0.024126 
12.649111 0.024530 
12.649111 0.018735 
12.649111 0.024126 
12.649111 0.018448 
12.649111 0.018735 
12.649111 0.018448 
12.727922 0.028366 
12.727922 0.026214 
12.727922 0.026214 
12.727922 0.024278 
12.806248 0.027466 
12.806248 0.025933 
12.806248 0.027466 
12.806248 0.024554 
12.806248 0.025933 
12.806248 0.023232 
12.806248 0.024554 
12.806248 0.023232 
13.000000 0.018399 
13.000000 0.022649 
13.000000 0.022129 
13.000000 0.022649 
13.000000 0.017242 
13.000000 0.018399 
13.000000 0.010704 
13.000000 0.022129 
13.000000 0.016872 
13.000000 0.017242 
13.000000 0.016872 
13.000000 0.010704 
13.038405 0.018264 
13.038405 0.018200 
13.038405 0.024814 
13.038405 0.023778 
13.038405 0.024814 
13.038405 0.020976 
13.038405 0.018264 
13.038405 0.010619 
13.038405 0.018200 
13.038405 0.010585 
13.038405 0.023778 
13.038405 0.020141 
13.038405 0.020976 
13.038405 0.020141 
13.038405 0.010619 
13.038405 0.010585 
13.152946 0.017807 
13.152946 0.017677 
13.152946 0.017807 
13.152946 0.010336 
13.152946 0.017677 
13.152946 0.010267 
13.152946 0.010336 
13.152946 0.010267 
13.341664 0.017057 
13.341664 0.016858 
13.341664 0.017057 
13.341664 0.009875 
13.341664 0.016858 
13.341664 0.009770 
13.341664 0.009875 
13.341664 0.009770 
13.416408 0.020546 
13.416408 0.019901 
13.416408 0.020546 
13.416408 0.015586 
13.416408 0.019901 
13.416408 0.015125 
13.416408 0.015586 
13.416408 0.015125 
13.453624 0.023291 
13.453624 0.021480 
13.453624 0.023291 
13.453624 0.020767 
13.453624 0.021480 
13.453624 0.019201 
13.453624 0.020767 
13.453624 0.019201 
13.601471 0.016055 
13.601471 0.015784 
13.601471 0.021604 
13.601471 0.020368 
13.601471 0.021604 
13.601471 0.018205 
13.601471 0.016055 
13.601471 0.009265 
13.601471 0.015784 
13.601471 0.009121 
13.601471 0.020368 
13.601471 0.017205 
13.601471 0.018205 
13.601471 0.017205 
13.601471 0.009265 
13.601471 0.009121 
13.892444 0.018301 
13.892444 0.017518 
13.892444 0.018301 
13.892444 0.013831 
13.892444 0.017518 
13.892444 0.013271 
13.892444 0.013831 
13.892444 0.013271 
13.928388 0.014852 
13.928388 0.014504 
13.928388 0.014852 
13.928388 0.008538 
13.928388 0.014504 
13.928388 0.008353 
13.928388 0.008538 
13.928388 0.008353 
14.000000 0.009074 
14.000000 0.009074 
14.000000 0.000000 
14.000000 0.000000 
14.035669 0.009010 
14.035669 0.008978 
14.035669 0.009010 
14.035669 0.000000 
14.035669 0.008978 
14.035669 0.000000 
14.035669 0.000000 
14.035669 0.000000 
14.142136 0.008789 
14.142136 0.008724 
14.142136 0.019188 
14.142136 0.017068 
14.142136 0.008789 
14.142136 0.000000 
14.142136 0.008724 
14.142136 0.000000 
14.142136 0.017068 
14.142136 0.015227 
14.142136 0.000000 
14.142136 0.000000 
14.212670 0.018379 
14.212670 0.016920 
14.212670 0.018379 
14.212670 0.015440 
14.212670 0.016920 
14.212670 0.014256 
14.212670 0.015440 
14.212670 0.014256 
14.317821 0.008425 
14.317821 0.008325 
14.317821 0.013501 
14.317821 0.013068 
14.317821 0.013501 
14.317821 0.007729 
14.317821 0.008425 
14.317821 0.000000 
14.317821 0.008325 
14.317821 0.000000 
14.317821 0.013068 
14.317821 0.007498 
14.317821 0.007729 
14.317821 0.007498 
14.317821 0.000000 
14.317821 0.000000 
14.422205 0.015976 
14.422205 0.015043 
14.422205 0.015976 
14.422205 0.012030 
14.422205 0.015043 
14.422205 0.011359 
14.422205 0.012030 
14.422205 0.011359 
14.560220 0.007938 
14.560220 0.007802 
14.560220 0.007938 
14.560220 0.000000 
14.560220 0.007802 
14.560220 0.000000 
14.560220 0.000000 
14.560220 0.000000 
14.764823 0.012049 
14.764823 0.011525 
14.764823 0.012049 
14.764823 0.006869 
14.764823 0.011525 
14.764823 0.006587 
14.764823 0.006869 
14.764823 0.006587 
14.866069 0.007352 
14.866069 0.007177 
14.866069 0.015182 
14.866069 0.013477 
14.866069 0.015182 
14.866069 0.012719 
14.866069 0.007352 
14.866069 0.000000 
14.866069 0.007177 
14.866069 0.000000 
14.866069 0.013477 
14.866069 0.011329 
14.866069 0.012719 
14.866069 0.011329 
14.866069 0.000000 
14.866069 0.000000 
15.000000 0.000000 
15.000000 0.013624 
15.000000 0.012524 
15.000000 0.013624 
15.000000 0.010223 
15.000000 0.000000 
15.000000 0.012524 
15.000000 0.009429 
15.000000 0.010223 
15.000000 0.009429 
15.033296 0.000000 
15.033296 0.000000 
15.033296 0.000000 
15.033296 0.000000 
15.132746 0.000000 
15.132746 0.000000 
15.132746 0.000000 
15.132746 0.000000 
15.231546 0.006691 
15.231546 0.006474 
15.231546 0.006691 
15.231546 0.000000 
15.231546 0.006474 
15.231546 0.000000 
15.231546 0.000000 
15.231546 0.000000 
15.264338 0.010539 
15.264338 0.009914 
15.264338 0.010539 
15.264338 0.005982 
15.264338 0.009914 
15.264338 0.005645 
15.264338 0.005982 
15.264338 0.005645 
15.297059 0.000000 
15.297059 0.000000 
15.297059 0.000000 
15.297059 0.000000 
15.524175 0.000000 
15.524175 0.000000 
15.524175 0.000000 
15.524175 0.000000 
15.556349 0.012039 
15.556349 0.010062 
15.556349 0.010062 
15.556349 0.008443 
15.620499 0.011278 
15.620499 0.009994 
15.620499 0.011278 
15.620499 0.008435 
15.620499 0.009994 
15.620499 0.007505 
15.620499 0.008435 
15.620499 0.007505 
15.652476 0.005979 
15.652476 0.005716 
15.652476 0.005979 
15.652476 0.000000 
15.652476 0.005716 
15.652476 0.000000 
15.652476 0.000000 
15.652476 0.000000 
15.811388 0.000000 
15.811388 0.000000 
15.811388 0.009002 
15.811388 0.008267 
15.811388 0.009002 
15.811388 0.005089 
15.811388 0.000000 
15.811388 0.000000 
15.811388 0.008267 
15.811388 0.004691 
15.811388 0.005089 
15.811388 0.004691 
16.124515 0.005235 
16.124515 0.004922 
16.124515 0.005235 
16.124515 0.000000 
16.124515 0.004922 
16.124515 0.000000 
16.124515 0.000000 
16.124515 0.000000 
16.155494 0.000000 
16.155494 0.000000 
16.155494 0.000000 
16.155494 0.000000 
16.278821 0.008959 
16.278821 0.007473 
16.278821 0.008959 
16.278821 0.006682 
16.278821 0.007473 
16.278821 0.005599 
16.278821 0.006682 
16.278821 0.005599 
16.401219 0.007463 
16.401219 0.006605 
16.401219 0.007463 
16.401219 0.004204 
16.401219 0.006605 
16.401219 0.003737 
16.401219 0.004204 
16.401219 0.003737 
16.552945 0.000000 
16.552945 0.000000 
16.552945 0.000000 
16.552945 0.000000 
16.643317 0.004476 
16.643317 0.004108 
16.643317 0.004476 
16.643317 0.000000 
16.643317 0.004108 
16.643317 0.000000 
16.643317 0.000000 
16.643317 0.000000 
16.970563 0.006676 
16.970563 0.004968 
16.970563 0.004968 
16.970563 0.003717 
17.000000 0.000000 
17.000000 0.000000 
17.000000 0.000000 
17.000000 0.000000 
17.029386 0.005936 
17.029386 0.004944 
17.029386 0.005936 
17.029386 0.003333 
17.029386 0.004944 
17.029386 0.002790 
17.029386 0.003333 
17.029386 0.002790 
17.204651 0.003714 
17.204651 0.003285 
17.204651 0.003714 
17.204651 0.000000 
17.204651 0.003285 
17.204651 0.000000 
17.204651 0.000000 
17.204651 0.000000 
17.492856 0.000000 
17.492856 0.000000 
17.492856 0.000000 
17.492856 0.000000 
17.691806 0.004427 
17.691806 0.003290 
17.691806 0.004427 
17.691806 0.002479 
17.691806 0.003290 
17.691806 0.001853 
17.691806 0.002479 
17.691806 0.001853 
17.804494 0.002956 
17.804494 0.002460 
17.804494 0.002956 
17.804494 0.000000 
17.804494 0.002460 
17.804494 0.000000 
17.804494 0.000000 
17.804494 0.000000 
18.027756 0.000000 
18.027756 0.000000 
18.027756 0.000000 
18.027756 0.000000 
18.384776 0.002938 
18.384776 0.001642 
18.384776 0.001642 
18.384776 0.000924 
18.439089 0.002206 
18.439089 0.001638 
18.439089 0.002206 
18.439089 0.000000 
18.439089 0.001638 
18.439089 0.000000 
18.439089 0.000000 
18.439089 0.000000 
18.601075 0.000000 
18.601075 0.000000 
18.601075 0.000000 
18.601075 0.000000 
19.104973 0.001465 
19.104973 0.000818 
19.104973 0.001465 
19.104973 0.000000 
19.104973 0.000818 
19.104973 0.000000 
19.104973 0.000000 
19.104973 0.000000 
19.209373 0.000000 
19.209373 0.000000 
19.209373 0.000000 
19.209373 0.000000 
19.798990 0.000731 
19.798990 0.000000 
19.798990 0.000000 
19.798990 0.000000 
19.849433 0.000000 
19.849433 0.000000 
19.849433 0.000000 
19.849433 0.000000 
20.518285 0.000000 
20.518285 0.000000 
20.518285 0.000000 
20.518285 0.000000 
21.213203 0.000000 
