1.000000 0.180942 
1.000000 0.180942 
1.000000 0.181266 
1.000000 0.181266 
1.414214 0.095552 
1.414214 0.095779 
1.414214 0.095779 
1.414214 0.096002 
2.000000 0.088822 
2.000000 0.088822 
2.000000 0.089158 
2.000000 0.089158 
2.236068 0.066733 
2.236068 0.066870 
2.236068 0.066733 
2.236068 0.067031 
2.236068 0.066870 
2.236068 0.067162 
2.236068 0.067031 
2.236068 0.067162 
2.828427 0.051609 
2.828427 0.051832 
2.828427 0.051832 
2.828427 0.052049 
3.000000 0.054954 
3.000000 0.054954 
3.000000 0.055310 
3.000000 0.055310 
3.162278 0.048499 
3.162278 0.048587 
3.162278 0.048499 
3.162278 0.048833 
3.162278 0.048587 
3.162278 0.048916 
3.162278 0.048833 
3.162278 0.048916 
3.605551 0.040762 
3.605551 0.040922 
3.605551 0.040762 
3.605551 0.041041 
3.605551 0.040922 
3.605551 0.041192 
3.605551 0.041041 
3.605551 0.041192 
4.000000 0.038977 
4.000000 0.038977 
4.000000 0.039362 
4.000000 0.039362 
4.123106 0.036679 
4.123106 0.036737 
4.123106 0.036679 
4.123106 0.037048 
4.123106 0.036737 
4.123106 0.037101 
4.123106 0.037048 
4.123106 0.037101 
4.242641 0.034028 
4.242641 0.034245 
4.242641 0.034245 
4.242641 0.034450 
4.472136 0.032646 
4.472136 0.032758 
4.472136 0.032646 
4.472136 0.032970 
4.472136 0.032758 
4.472136 0.033072 
4.472136 0.032970 
4.472136 0.033072 
5.000000 0.029815 
5.000000 0.028428 
5.000000 0.028588 
5.000000 0.028428 
5.000000 0.028694 
5.000000 0.029815 
5.000000 0.030238 
5.000000 0.028588 
5.000000 0.028840 
5.000000 0.028694 
5.000000 0.028840 
5.000000 0.030238 
5.099020 0.028799 
5.099020 0.028837 
5.099020 0.028799 
5.099020 0.029209 
5.099020 0.028837 
5.099020 0.029241 
5.099020 0.029209 
5.099020 0.029241 
5.385165 0.026556 
5.385165 0.026631 
5.385165 0.026556 
5.385165 0.026927 
5.385165 0.026631 
5.385165 0.026991 
5.385165 0.026927 
5.385165 0.026991 
5.656854 0.024540 
5.656854 0.024745 
5.656854 0.024745 
5.656854 0.024934 
5.830952 0.023856 
5.830952 0.023967 
5.830952 0.023856 
5.830952 0.024171 
5.830952 0.023967 
5.830952 0.024266 
5.830952 0.024171 
5.830952 0.024266 
6.000000 0.023850 
6.000000 0.023850 
6.000000 0.024321 
6.000000 0.024321 
6.082763 0.023310 
6.082763 0.023332 
6.082763 0.023310 
6.082763 0.023769 
6.082763 0.023332 
6.082763 0.023786 
6.082763 0.023769 
6.082763 0.023786 
6.324555 0.021959 
6.324555 0.022004 
6.324555 0.021959 
6.324555 0.022381 
6.324555 0.022004 
6.324555 0.022415 
6.324555 0.022381 
6.324555 0.022415 
6.403124 0.021128 
6.403124 0.021276 
6.403124 0.021128 
6.403124 0.021379 
6.403124 0.021276 
6.403124 0.021508 
6.403124 0.021379 
6.403124 0.021508 
6.708204 0.020165 
6.708204 0.020234 
6.708204 0.020165 
6.708204 0.020533 
6.708204 0.020234 
6.708204 0.020585 
6.708204 0.020533 
6.708204 0.020585 
7.000000 0.019658 
7.000000 0.019658 
7.000000 0.020189 
7.000000 0.020189 
7.071068 0.019330 
7.071068 0.019340 
7.071068 0.018572 
7.071068 0.018760 
7.071068 0.019330 
7.071068 0.019850 
7.071068 0.019340 
7.071068 0.019854 
7.071068 0.018760 
7.071068 0.018924 
7.071068 0.019850 
7.071068 0.019854 
7.211103 0.018212 
7.211103 0.018308 
7.211103 0.018212 
7.211103 0.018514 
7.211103 0.018308 
7.211103 0.018588 
7.211103 0.018514 
7.211103 0.018588 
7.280110 0.018450 
7.280110 0.018471 
7.280110 0.018450 
7.280110 0.018934 
7.280110 0.018471 
7.280110 0.018943 
7.280110 0.018934 
7.280110 0.018943 
7.615773 0.017202 
7.615773 0.017236 
7.615773 0.017202 
7.615773 0.017631 
7.615773 0.017236 
7.615773 0.017647 
7.615773 0.017631 
7.615773 0.017647 
7.810250 0.016277 
7.810250 0.016403 
7.810250 0.016277 
7.810250 0.016509 
7.810250 0.016403 
7.810250 0.016609 
7.810250 0.016509 
7.810250 0.016609 
8.000000 0.016579 
8.000000 0.016579 
8.000000 0.017183 
8.000000 0.017183 
8.062258 0.016359 
8.062258 0.016359 
8.062258 0.015765 
8.062258 0.015814 
8.062258 0.015765 
8.062258 0.016124 
8.062258 0.016359 
8.062258 0.016953 
8.062258 0.016359 
8.062258 0.016947 
8.062258 0.015814 
8.062258 0.016150 
8.062258 0.016124 
8.062258 0.016150 
8.062258 0.016953 
8.062258 0.016947 
8.246211 0.015744 
8.246211 0.015745 
8.246211 0.015744 
8.246211 0.016302 
8.246211 0.015745 
8.246211 0.016291 
8.246211 0.016302 
8.246211 0.016291 
8.485281 0.014460 
8.485281 0.014622 
8.485281 0.014622 
8.485281 0.014753 
8.544004 0.014833 
8.544004 0.014837 
8.544004 0.014833 
8.544004 0.015333 
8.544004 0.014837 
8.544004 0.015318 
8.544004 0.015333 
8.544004 0.015318 
8.602325 0.014271 
8.602325 0.014341 
8.602325 0.014271 
8.602325 0.014554 
8.602325 0.014341 
8.602325 0.014595 
8.602325 0.014554 
8.602325 0.014595 
8.944272 0.013737 
8.944272 0.013746 
8.944272 0.013737 
8.944272 0.014164 
8.944272 0.013746 
8.944272 0.014148 
8.944272 0.014164 
8.944272 0.014148 
9.000000 0.014263 
9.000000 0.014263 
9.000000 0.014957 
9.000000 0.014957 
9.055385 0.014106 
9.055385 0.014097 
9.055385 0.014106 
9.055385 0.014789 
9.055385 0.014097 
9.055385 0.014774 
9.055385 0.014789 
9.055385 0.014774 
9.219544 0.013648 
9.219544 0.013632 
9.219544 0.012812 
9.219544 0.012908 
9.219544 0.012812 
9.219544 0.013017 
9.219544 0.013648 
9.219544 0.014294 
9.219544 0.013632 
9.219544 0.014265 
9.219544 0.012908 
9.219544 0.013078 
9.219544 0.013017 
9.219544 0.013078 
9.219544 0.014294 
9.219544 0.014265 
9.433981 0.012554 
9.433981 0.012572 
9.433981 0.012554 
9.433981 0.012898 
9.433981 0.012572 
9.433981 0.012885 
9.433981 0.012898 
9.433981 0.012885 
9.486833 0.012949 
9.486833 0.012926 
9.486833 0.012949 
9.486833 0.013533 
9.486833 0.012926 
9.486833 0.013492 
9.486833 0.013533 
9.486833 0.013492 
9.848858 0.012080 
9.848858 0.012053 
9.848858 0.012080 
9.848858 0.012587 
9.848858 0.012053 
9.848858 0.012534 
9.848858 0.012587 
9.848858 0.012534 
9.899495 0.011445 
9.899495 0.011573 
9.899495 0.011573 
9.899495 0.011660 
10.000000 0.012509 
10.000000 0.011358 
10.000000 0.011392 
10.000000 0.011358 
10.000000 0.011616 
10.000000 0.012509 
10.000000 0.013312 
10.000000 0.011392 
10.000000 0.011610 
10.000000 0.011616 
10.000000 0.011610 
10.000000 0.013312 
10.049876 0.012390 
10.049876 0.012374 
10.049876 0.012390 
10.049876 0.013180 
10.049876 0.012374 
10.049876 0.013159 
10.049876 0.013180 
10.049876 0.013159 
10.198039 0.012029 
10.198039 0.011998 
10.198039 0.012029 
10.198039 0.012780 
10.198039 0.011998 
10.198039 0.012737 
10.198039 0.012780 
10.198039 0.012737 
10.295630 0.011112 
10.295630 0.011085 
10.295630 0.011112 
10.295630 0.011530 
10.295630 0.011085 
10.295630 0.011469 
10.295630 0.011530 
10.295630 0.011469 
10.440307 0.011465 
10.440307 0.011420 
10.440307 0.011465 
10.440307 0.012151 
10.440307 0.011420 
10.440307 0.012088 
10.440307 0.012151 
10.440307 0.012088 
10.630146 0.010205 
10.630146 0.010259 
10.630146 0.010205 
10.630146 0.010375 
10.630146 0.010259 
10.630146 0.010382 
10.630146 0.010375 
10.630146 0.010382 
10.770330 0.010747 
10.770330 0.010689 
10.770330 0.010747 
10.770330 0.011350 
10.770330 0.010689 
10.770330 0.011267 
10.770330 0.011350 
10.770330 0.011267 
10.816654 0.010106 
10.816654 0.010082 
10.816654 0.010106 
10.816654 0.010429 
10.816654 0.010082 
10.816654 0.010362 
10.816654 0.010429 
10.816654 0.010362 
11.000000 0.011193 
11.000000 0.011193 
11.000000 0.012125 
11.000000 0.012125 
11.045361 0.011097 
11.045361 0.011075 
11.045361 0.011097 
11.045361 0.012016 
11.045361 0.011075 
11.045361 0.011989 
11.045361 0.012016 
11.045361 0.011989 
11.180340 0.010798 
11.180340 0.010755 
11.180340 0.009928 
11.180340 0.009859 
11.180340 0.009928 
11.180340 0.010434 
11.180340 0.010798 
11.180340 0.011674 
11.180340 0.010755 
11.180340 0.011620 
11.180340 0.009859 
11.180340 0.010332 
11.180340 0.010434 
11.180340 0.010332 
11.180340 0.011674 
11.180340 0.011620 
11.313708 0.009130 
11.313708 0.009214 
11.313708 0.009214 
11.313708 0.009243 
11.401754 0.010321 
11.401754 0.010257 
11.401754 0.009110 
11.401754 0.009094 
11.401754 0.009110 
11.401754 0.009334 
11.401754 0.010321 
11.401754 0.011129 
11.401754 0.010257 
11.401754 0.011047 
11.401754 0.009094 
11.401754 0.009266 
11.401754 0.009334 
11.401754 0.009266 
11.401754 0.011129 
11.401754 0.011047 
11.661904 0.009055 
11.661904 0.008979 
11.661904 0.009055 
11.661904 0.009457 
11.661904 0.008979 
11.661904 0.009337 
11.661904 0.009457 
11.661904 0.009337 
11.704700 0.009702 
11.704700 0.009618 
11.704700 0.009702 
11.704700 0.010421 
11.704700 0.009618 
11.704700 0.010312 
11.704700 0.010421 
11.704700 0.010312 
12.000000 0.010233 
12.000000 0.010233 
12.000000 0.011322 
12.000000 0.011322 
12.041595 0.010153 
12.041595 0.010127 
12.041595 0.008158 
12.041595 0.008159 
12.041595 0.008158 
12.041595 0.008284 
12.041595 0.010153 
12.041595 0.011227 
12.041595 0.010127 
12.041595 0.011196 
12.041595 0.008159 
12.041595 0.008223 
12.041595 0.008284 
12.041595 0.008223 
12.041595 0.011227 
12.041595 0.011196 
12.083046 0.008983 
12.083046 0.008879 
12.083046 0.008983 
12.083046 0.009597 
12.083046 0.008879 
12.083046 0.009460 
12.083046 0.009597 
12.083046 0.009460 
12.165525 0.009892 
12.165525 0.009840 
12.165525 0.009892 
12.165525 0.010920 
12.165525 0.009840 
12.165525 0.010858 
12.165525 0.010920 
12.165525 0.010858 
12.206556 0.008170 
12.206556 0.008090 
12.206556 0.008170 
12.206556 0.008464 
12.206556 0.008090 
12.206556 0.008328 
12.206556 0.008464 
12.206556 0.008328 
12.369317 0.009471 
12.369317 0.009391 
12.369317 0.009471 
12.369317 0.010424 
12.369317 0.009391 
12.369317 0.010330 
12.369317 0.010424 
12.369317 0.010330 
12.529964 0.008201 
12.529964 0.008078 
12.529964 0.008201 
12.529964 0.008702 
12.529964 0.008078 
12.529964 0.008536 
12.529964 0.008702 
12.529964 0.008536 
12.649111 0.008917 
12.649111 0.008810 
12.649111 0.008917 
12.649111 0.009773 
12.649111 0.008810 
12.649111 0.009645 
12.649111 0.009773 
12.649111 0.009645 
12.727922 0.007276 
12.727922 0.007306 
12.727922 0.007306 
12.727922 0.007263 
12.806248 0.007305 
12.806248 0.007228 
12.806248 0.007305 
12.806248 0.007489 
12.806248 0.007228 
12.806248 0.007343 
12.806248 0.007489 
12.806248 0.007343 
13.000000 0.009580 
13.000000 0.008262 
13.000000 0.008128 
13.000000 0.008262 
13.000000 0.009007 
13.000000 0.009580 
13.000000 0.010857 
13.000000 0.008128 
13.000000 0.008843 
13.000000 0.009007 
13.000000 0.008843 
13.000000 0.010857 
13.038405 0.009509 
13.038405 0.009479 
13.038405 0.007392 
13.038405 0.007254 
13.038405 0.007392 
13.038405 0.007774 
13.038405 0.009509 
13.038405 0.010769 
13.038405 0.009479 
13.038405 0.010736 
13.038405 0.007254 
13.038405 0.007580 
13.038405 0.007774 
13.038405 0.007580 
13.038405 0.010769 
13.038405 0.010736 
13.152946 0.009271 
13.152946 0.009212 
13.152946 0.009271 
13.152946 0.010481 
13.152946 0.009212 
13.152946 0.010413 
13.152946 0.010481 
13.152946 0.010413 
13.341664 0.008884 
13.341664 0.008793 
13.341664 0.008884 
13.341664 0.010011 
13.341664 0.008793 
13.341664 0.009909 
13.341664 0.010011 
13.341664 0.009909 
13.416408 0.007540 
13.416408 0.007378 
13.416408 0.007540 
13.416408 0.008162 
13.416408 0.007378 
13.416408 0.007961 
13.416408 0.008162 
13.416408 0.007961 
13.453624 0.006486 
13.453624 0.006422 
13.453624 0.006486 
13.453624 0.006560 
13.453624 0.006422 
13.453624 0.006413 
13.453624 0.006560 
13.453624 0.006413 
13.601471 0.008369 
13.601471 0.008246 
13.601471 0.006584 
13.601471 0.006435 
13.601471 0.006584 
13.601471 0.006846 
13.601471 0.008369 
13.601471 0.009391 
13.601471 0.008246 
13.601471 0.009251 
13.601471 0.006435 
13.601471 0.006626 
13.601471 0.006846 
13.601471 0.006626 
13.601471 0.009391 
13.601471 0.009251 
13.892444 0.006779 
13.892444 0.006591 
13.892444 0.006779 
13.892444 0.007274 
13.892444 0.006591 
13.892444 0.007034 
13.892444 0.007274 
13.892444 0.007034 
13.928388 0.007754 
13.928388 0.007598 
13.928388 0.007754 
13.928388 0.008655 
13.928388 0.007598 
13.928388 0.008475 
13.928388 0.008655 
13.928388 0.008475 
14.000000 0.009199 
14.000000 0.009199 
14.000000 0.010704 
14.000000 0.010704 
14.035669 0.009133 
14.035669 0.009102 
14.035669 0.009133 
14.035669 0.010619 
14.035669 0.009102 
14.035669 0.010585 
14.035669 0.010619 
14.035669 0.010585 
14.142136 0.008908 
14.142136 0.008844 
14.142136 0.005734 
14.142136 0.005699 
14.142136 0.008908 
14.142136 0.010336 
14.142136 0.008844 
14.142136 0.010267 
14.142136 0.005699 
14.142136 0.005566 
14.142136 0.010336 
14.142136 0.010267 
14.212670 0.005803 
14.212670 0.005650 
14.212670 0.005803 
14.212670 0.005943 
14.212670 0.005650 
14.212670 0.005701 
14.212670 0.005943 
14.212670 0.005701 
14.317821 0.008539 
14.317821 0.008441 
14.317821 0.007068 
14.317821 0.006877 
14.317821 0.007068 
14.317821 0.007837 
14.317821 0.008539 
14.317821 0.009875 
14.317821 0.008441 
14.317821 0.009770 
14.317821 0.006877 
14.317821 0.007614 
14.317821 0.007837 
14.317821 0.007614 
14.317821 0.009875 
14.317821 0.009770 
14.422205 0.006007 
14.422205 0.005793 
14.422205 0.006007 
14.422205 0.006372 
14.422205 0.005793 
14.422205 0.006091 
14.422205 0.006372 
14.422205 0.006091 
14.560220 0.008045 
14.560220 0.007913 
14.560220 0.008045 
14.560220 0.009265 
14.560220 0.007913 
14.560220 0.009121 
14.560220 0.009265 
14.560220 0.009121 
14.764823 0.006337 
14.764823 0.006108 
14.764823 0.006337 
14.764823 0.006970 
14.764823 0.006108 
14.764823 0.006700 
14.764823 0.006970 
14.764823 0.006700 
14.866069 0.007452 
14.866069 0.007282 
14.866069 0.005068 
14.866069 0.004926 
14.866069 0.005068 
14.866069 0.005085 
14.866069 0.007452 
14.866069 0.008538 
14.866069 0.007282 
14.866069 0.008353 
14.866069 0.004926 
14.866069 0.004833 
14.866069 0.005085 
14.866069 0.004833 
14.866069 0.008538 
14.866069 0.008353 
15.000000 0.009074 
15.000000 0.005244 
15.000000 0.005009 
15.000000 0.005244 
15.000000 0.005479 
15.000000 0.009074 
15.000000 0.005009 
15.000000 0.005156 
15.000000 0.005479 
15.000000 0.005156 
15.033296 0.009010 
15.033296 0.008978 
15.033296 0.009010 
15.033296 0.008978 
15.132746 0.008789 
15.132746 0.008724 
15.132746 0.008789 
15.132746 0.008724 
15.231546 0.006785 
15.231546 0.006575 
15.231546 0.006785 
15.231546 0.007729 
15.231546 0.006575 
15.231546 0.007498 
15.231546 0.007729 
15.231546 0.007498 
15.264338 0.005583 
15.264338 0.005316 
15.264338 0.005583 
15.264338 0.006080 
15.264338 0.005316 
15.264338 0.005758 
15.264338 0.006080 
15.264338 0.005758 
15.297059 0.008425 
15.297059 0.008325 
15.297059 0.008425 
15.297059 0.008325 
15.524175 0.007938 
15.524175 0.007802 
15.524175 0.007938 
15.524175 0.007802 
15.556349 0.004400 
15.556349 0.004292 
15.556349 0.004292 
15.556349 0.004052 
15.620499 0.004509 
15.620499 0.004264 
15.620499 0.004509 
15.620499 0.004611 
15.620499 0.004264 
15.620499 0.004252 
15.620499 0.004611 
15.620499 0.004252 
15.652476 0.006068 
15.652476 0.005815 
15.652476 0.006068 
15.652476 0.006869 
15.652476 0.005815 
15.652476 0.006587 
15.652476 0.006869 
15.652476 0.006587 
15.811388 0.007352 
15.811388 0.007177 
15.811388 0.004825 
15.811388 0.004522 
15.811388 0.004825 
15.811388 0.005188 
15.811388 0.007352 
15.811388 0.007177 
15.811388 0.004522 
15.811388 0.004810 
15.811388 0.005188 
15.811388 0.004810 
16.124515 0.005323 
16.124515 0.005022 
16.124515 0.005323 
16.124515 0.005982 
16.124515 0.005022 
16.124515 0.005645 
16.124515 0.005982 
16.124515 0.005645 
16.155494 0.006691 
16.155494 0.006474 
16.155494 0.006691 
16.155494 0.006474 
16.278821 0.003822 
16.278821 0.003586 
16.278821 0.003822 
16.278821 0.003785 
16.278821 0.003586 
16.278821 0.003402 
16.278821 0.003785 
16.278821 0.003402 
16.401219 0.004081 
16.401219 0.003743 
16.401219 0.004081 
16.401219 0.004308 
16.401219 0.003743 
16.401219 0.003871 
16.401219 0.004308 
16.401219 0.003871 
16.552945 0.005979 
16.552945 0.005716 
16.552945 0.005979 
16.552945 0.005716 
16.643317 0.004565 
16.643317 0.004214 
16.643317 0.004565 
16.643317 0.005089 
16.643317 0.004214 
16.643317 0.004691 
16.643317 0.005089 
16.643317 0.004691 
16.970563 0.003204 
16.970563 0.003019 
16.970563 0.003019 
16.970563 0.002649 
17.000000 0.005235 
17.000000 0.004922 
17.000000 0.005235 
17.000000 0.004922 
17.029386 0.003363 
17.029386 0.003005 
17.029386 0.003363 
17.029386 0.003451 
17.029386 0.003005 
17.029386 0.002954 
17.029386 0.003451 
17.029386 0.002954 
17.204651 0.003808 
17.204651 0.003404 
17.204651 0.003808 
17.204651 0.004204 
17.204651 0.003404 
17.204651 0.003737 
17.204651 0.004204 
17.204651 0.003737 
17.492856 0.004476 
17.492856 0.004108 
17.492856 0.004476 
17.492856 0.004108 
17.691806 0.002691 
17.691806 0.002345 
17.691806 0.002691 
17.691806 0.002624 
17.691806 0.002345 
17.691806 0.002079 
17.691806 0.002624 
17.691806 0.002079 
17.804494 0.003062 
17.804494 0.002606 
17.804494 0.003062 
17.804494 0.003333 
17.804494 0.002606 
17.804494 0.002790 
17.804494 0.003333 
17.804494 0.002790 
18.027756 0.003714 
18.027756 0.003285 
18.027756 0.003714 
18.027756 0.003285 
18.384776 0.002095 
18.384776 0.001843 
18.384776 0.001843 
18.384776 0.001310 
18.439089 0.002336 
18.439089 0.001838 
18.439089 0.002336 
18.439089 0.002479 
18.439089 0.001838 
18.439089 0.001853 
18.439089 0.002479 
18.439089 0.001853 
18.601075 0.002956 
18.601075 0.002460 
18.601075 0.002956 
18.601075 0.002460 
19.104973 0.001644 
19.104973 0.001160 
19.104973 0.001644 
19.104973 0.001642 
19.104973 0.001160 
19.104973 0.000924 
19.104973 0.001642 
19.104973 0.000924 
19.209373 0.002206 
19.209373 0.001638 
19.209373 0.002206 
19.209373 0.001638 
19.798990 0.001036 
19.798990 0.000818 
19.798990 0.000818 
19.798990 0.000000 
19.849433 0.001465 
19.849433 0.000818 
19.849433 0.001465 
19.849433 0.000818 
20.518285 0.000731 
20.518285 0.000000 
20.518285 0.000731 
20.518285 0.000000 
21.213203 0.000000 
