1.000000 0.104912 
1.000000 0.104912 
1.000000 0.104929 
1.000000 0.104929 
1.414214 0.035437 
1.414214 0.035449 
1.414214 0.035449 
1.414214 0.035461 
2.000000 0.029250 
2.000000 0.029250 
2.000000 0.029269 
2.000000 0.029269 
2.236068 0.016573 
2.236068 0.016580 
2.236068 0.016573 
2.236068 0.016589 
2.236068 0.016580 
2.236068 0.016596 
2.236068 0.016589 
2.236068 0.016596 
2.828427 0.009785 
2.828427 0.009797 
2.828427 0.009797 
2.828427 0.009809 
3.000000 0.011291 
3.000000 0.011291 
3.000000 0.011311 
3.000000 0.011311 
3.162278 0.008637 
3.162278 0.008642 
3.162278 0.008637 
3.162278 0.008656 
3.162278 0.008642 
3.162278 0.008660 
3.162278 0.008656 
3.162278 0.008660 
3.605551 0.006124 
3.605551 0.006133 
3.605551 0.006124 
3.605551 0.006139 
3.605551 0.006133 
3.605551 0.006147 
3.605551 0.006139 
3.605551 0.006147 
4.000000 0.005714 
4.000000 0.005714 
4.000000 0.005735 
4.000000 0.005735 
4.123106 0.005033 
4.123106 0.005036 
4.123106 0.005033 
4.123106 0.005053 
4.123106 0.005036 
4.123106 0.005056 
4.123106 0.005053 
4.123106 0.005056 
4.242641 0.004353 
4.242641 0.004365 
4.242641 0.004365 
4.242641 0.004376 
4.472136 0.004038 
4.472136 0.004045 
4.472136 0.004038 
4.472136 0.004056 
4.472136 0.004045 
4.472136 0.004062 
4.472136 0.004056 
4.472136 0.004062 
5.000000 0.003456 
5.000000 0.003151 
5.000000 0.003159 
5.000000 0.003151 
5.000000 0.003165 
5.000000 0.003456 
5.000000 0.003480 
5.000000 0.003159 
5.000000 0.003173 
5.000000 0.003165 
5.000000 0.003173 
5.000000 0.003480 
5.099020 0.003234 
5.099020 0.003236 
5.099020 0.003234 
5.099020 0.003257 
5.099020 0.003236 
5.099020 0.003259 
5.099020 0.003257 
5.099020 0.003259 
5.385165 0.002799 
5.385165 0.002803 
5.385165 0.002799 
5.385165 0.002820 
5.385165 0.002803 
5.385165 0.002823 
5.385165 0.002820 
5.385165 0.002823 
5.656854 0.002448 
5.656854 0.002459 
5.656854 0.002459 
5.656854 0.002469 
5.830952 0.002333 
5.830952 0.002339 
5.830952 0.002333 
5.830952 0.002350 
5.830952 0.002339 
5.830952 0.002356 
5.830952 0.002350 
5.830952 0.002356 
6.000000 0.002333 
6.000000 0.002333 
6.000000 0.002360 
6.000000 0.002360 
6.082763 0.002242 
6.082763 0.002244 
6.082763 0.002242 
6.082763 0.002268 
6.082763 0.002244 
6.082763 0.002269 
6.082763 0.002268 
6.082763 0.002269 
6.324555 0.002030 
6.324555 0.002033 
6.324555 0.002030 
6.324555 0.002054 
6.324555 0.002033 
6.324555 0.002056 
6.324555 0.002054 
6.324555 0.002056 
6.403124 0.001914 
6.403124 0.001922 
6.403124 0.001914 
6.403124 0.001927 
6.403124 0.001922 
6.403124 0.001934 
6.403124 0.001927 
6.403124 0.001934 
6.708204 0.001771 
6.708204 0.001775 
6.708204 0.001771 
6.708204 0.001792 
6.708204 0.001775 
6.708204 0.001795 
6.708204 0.001792 
6.708204 0.001795 
7.000000 0.001692 
7.000000 0.001692 
7.000000 0.001722 
7.000000 0.001722 
7.071068 0.001647 
7.071068 0.001648 
7.071068 0.001563 
7.071068 0.001573 
7.071068 0.001647 
7.071068 0.001677 
7.071068 0.001648 
7.071068 0.001677 
7.071068 0.001573 
7.071068 0.001582 
7.071068 0.001677 
7.071068 0.001677 
7.211103 0.001514 
7.211103 0.001519 
7.211103 0.001514 
7.211103 0.001530 
7.211103 0.001519 
7.211103 0.001534 
7.211103 0.001530 
7.211103 0.001534 
7.280110 0.001533 
7.280110 0.001534 
7.280110 0.001533 
7.280110 0.001560 
7.280110 0.001534 
7.280110 0.001560 
7.280110 0.001560 
7.280110 0.001560 
7.615773 0.001380 
7.615773 0.001382 
7.615773 0.001380 
7.615773 0.001404 
7.615773 0.001382 
7.615773 0.001405 
7.615773 0.001404 
7.615773 0.001405 
7.810250 0.001280 
7.810250 0.001287 
7.810250 0.001280 
7.810250 0.001293 
7.810250 0.001287 
7.810250 0.001298 
7.810250 0.001293 
7.810250 0.001298 
8.000000 0.001291 
8.000000 0.001291 
8.000000 0.001326 
8.000000 0.001326 
8.062258 0.001266 
8.062258 0.001266 
8.062258 0.001215 
8.062258 0.001218 
8.062258 0.001215 
8.062258 0.001235 
8.062258 0.001266 
8.062258 0.001300 
8.062258 0.001266 
8.062258 0.001300 
8.062258 0.001218 
8.062258 0.001237 
8.062258 0.001235 
8.062258 0.001237 
8.062258 0.001300 
8.062258 0.001300 
8.246211 0.001198 
8.246211 0.001199 
8.246211 0.001198 
8.246211 0.001230 
8.246211 0.001199 
8.246211 0.001230 
8.246211 0.001230 
8.246211 0.001230 
8.485281 0.001079 
8.485281 0.001088 
8.485281 0.001088 
8.485281 0.001095 
8.544004 0.001102 
8.544004 0.001102 
8.544004 0.001102 
8.544004 0.001131 
8.544004 0.001102 
8.544004 0.001130 
8.544004 0.001131 
8.544004 0.001130 
8.602325 0.001056 
8.602325 0.001060 
8.602325 0.001056 
8.602325 0.001072 
8.602325 0.001060 
8.602325 0.001074 
8.602325 0.001072 
8.602325 0.001074 
8.944272 0.000992 
8.944272 0.000993 
8.944272 0.000992 
8.944272 0.001016 
8.944272 0.000993 
8.944272 0.001016 
8.944272 0.001016 
8.944272 0.001016 
9.000000 0.001027 
9.000000 0.001027 
9.000000 0.001067 
9.000000 0.001067 
9.055385 0.001011 
9.055385 0.001011 
9.055385 0.001011 
9.055385 0.001051 
9.055385 0.001011 
9.055385 0.001050 
9.055385 0.001051 
9.055385 0.001050 
9.219544 0.000967 
9.219544 0.000967 
9.219544 0.000910 
9.219544 0.000916 
9.219544 0.000910 
9.219544 0.000922 
9.219544 0.000967 
9.219544 0.001005 
9.219544 0.000967 
9.219544 0.001003 
9.219544 0.000916 
9.219544 0.000925 
9.219544 0.000922 
9.219544 0.000925 
9.219544 0.001005 
9.219544 0.001003 
9.433981 0.000880 
9.433981 0.000881 
9.433981 0.000880 
9.433981 0.000899 
9.433981 0.000881 
9.433981 0.000899 
9.433981 0.000899 
9.433981 0.000899 
9.486833 0.000903 
9.486833 0.000902 
9.486833 0.000903 
9.486833 0.000937 
9.486833 0.000902 
9.486833 0.000934 
9.486833 0.000937 
9.486833 0.000934 
9.848858 0.000826 
9.848858 0.000824 
9.848858 0.000826 
9.848858 0.000855 
9.848858 0.000824 
9.848858 0.000852 
9.848858 0.000855 
9.848858 0.000852 
9.899495 0.000783 
9.899495 0.000790 
9.899495 0.000790 
9.899495 0.000795 
10.000000 0.000846 
10.000000 0.000772 
10.000000 0.000774 
10.000000 0.000772 
10.000000 0.000787 
10.000000 0.000846 
10.000000 0.000893 
10.000000 0.000774 
10.000000 0.000787 
10.000000 0.000787 
10.000000 0.000787 
10.000000 0.000893 
10.049876 0.000835 
10.049876 0.000835 
10.049876 0.000835 
10.049876 0.000882 
10.049876 0.000835 
10.049876 0.000881 
10.049876 0.000882 
10.049876 0.000881 
10.198039 0.000805 
10.198039 0.000803 
10.198039 0.000805 
10.198039 0.000849 
10.198039 0.000803 
10.198039 0.000847 
10.198039 0.000849 
10.198039 0.000847 
10.295630 0.000743 
10.295630 0.000742 
10.295630 0.000743 
10.295630 0.000767 
10.295630 0.000742 
10.295630 0.000764 
10.295630 0.000767 
10.295630 0.000764 
10.440307 0.000759 
10.440307 0.000756 
10.440307 0.000759 
10.440307 0.000799 
10.440307 0.000756 
10.440307 0.000796 
10.440307 0.000799 
10.440307 0.000796 
10.630146 0.000674 
10.630146 0.000677 
10.630146 0.000674 
10.630146 0.000684 
10.630146 0.000677 
10.630146 0.000684 
10.630146 0.000684 
10.630146 0.000684 
10.770330 0.000701 
10.770330 0.000698 
10.770330 0.000701 
10.770330 0.000736 
10.770330 0.000698 
10.770330 0.000732 
10.770330 0.000736 
10.770330 0.000732 
10.816654 0.000661 
10.816654 0.000660 
10.816654 0.000661 
10.816654 0.000679 
10.816654 0.000660 
10.816654 0.000676 
10.816654 0.000679 
10.816654 0.000676 
11.000000 0.000721 
11.000000 0.000721 
11.000000 0.000777 
11.000000 0.000777 
11.045361 0.000713 
11.045361 0.000712 
11.045361 0.000713 
11.045361 0.000769 
11.045361 0.000712 
11.045361 0.000767 
11.045361 0.000769 
11.045361 0.000767 
11.180340 0.000690 
11.180340 0.000688 
11.180340 0.000638 
11.180340 0.000634 
11.180340 0.000638 
11.180340 0.000667 
11.180340 0.000690 
11.180340 0.000743 
11.180340 0.000688 
11.180340 0.000740 
11.180340 0.000634 
11.180340 0.000662 
11.180340 0.000667 
11.180340 0.000662 
11.180340 0.000743 
11.180340 0.000740 
11.313708 0.000587 
11.313708 0.000592 
11.313708 0.000592 
11.313708 0.000594 
11.401754 0.000655 
11.401754 0.000651 
11.401754 0.000583 
11.401754 0.000582 
11.401754 0.000583 
11.401754 0.000596 
11.401754 0.000655 
11.401754 0.000703 
11.401754 0.000651 
11.401754 0.000699 
11.401754 0.000582 
11.401754 0.000592 
11.401754 0.000596 
11.401754 0.000592 
11.401754 0.000703 
11.401754 0.000699 
11.661904 0.000572 
11.661904 0.000568 
11.661904 0.000572 
11.661904 0.000596 
11.661904 0.000568 
11.661904 0.000589 
11.661904 0.000596 
11.661904 0.000589 
11.704700 0.000609 
11.704700 0.000605 
11.704700 0.000609 
11.704700 0.000652 
11.704700 0.000605 
11.704700 0.000646 
11.704700 0.000652 
11.704700 0.000646 
12.000000 0.000635 
12.000000 0.000635 
12.000000 0.000702 
12.000000 0.000702 
12.041595 0.000629 
12.041595 0.000627 
12.041595 0.000511 
12.041595 0.000512 
12.041595 0.000511 
12.041595 0.000519 
12.041595 0.000629 
12.041595 0.000695 
12.041595 0.000627 
12.041595 0.000694 
12.041595 0.000512 
12.041595 0.000516 
12.041595 0.000519 
12.041595 0.000516 
12.041595 0.000695 
12.041595 0.000694 
12.083046 0.000558 
12.083046 0.000553 
12.083046 0.000558 
12.083046 0.000595 
12.083046 0.000553 
12.083046 0.000587 
12.083046 0.000595 
12.083046 0.000587 
12.165525 0.000611 
12.165525 0.000608 
12.165525 0.000611 
12.165525 0.000674 
12.165525 0.000608 
12.165525 0.000671 
12.165525 0.000674 
12.165525 0.000671 
12.206556 0.000508 
12.206556 0.000504 
12.206556 0.000508 
12.206556 0.000525 
12.206556 0.000504 
12.206556 0.000518 
12.206556 0.000525 
12.206556 0.000518 
12.369317 0.000581 
12.369317 0.000577 
12.369317 0.000581 
12.369317 0.000640 
12.369317 0.000577 
12.369317 0.000635 
12.369317 0.000640 
12.369317 0.000635 
12.529964 0.000504 
12.529964 0.000497 
12.529964 0.000504 
12.529964 0.000533 
12.529964 0.000497 
12.529964 0.000524 
12.529964 0.000533 
12.529964 0.000524 
12.649111 0.000544 
12.649111 0.000538 
12.649111 0.000544 
12.649111 0.000596 
12.649111 0.000538 
12.649111 0.000589 
12.649111 0.000596 
12.649111 0.000589 
12.727922 0.000447 
12.727922 0.000449 
12.727922 0.000449 
12.727922 0.000447 
12.806248 0.000447 
12.806248 0.000444 
12.806248 0.000447 
12.806248 0.000458 
12.806248 0.000444 
12.806248 0.000451 
12.806248 0.000458 
12.806248 0.000451 
13.000000 0.000579 
13.000000 0.000500 
13.000000 0.000493 
13.000000 0.000500 
13.000000 0.000545 
13.000000 0.000579 
13.000000 0.000660 
13.000000 0.000493 
13.000000 0.000536 
13.000000 0.000545 
13.000000 0.000536 
13.000000 0.000660 
13.038405 0.000574 
13.038405 0.000572 
13.038405 0.000449 
13.038405 0.000441 
13.038405 0.000449 
13.038405 0.000471 
13.038405 0.000574 
13.038405 0.000654 
13.038405 0.000572 
13.038405 0.000653 
13.038405 0.000441 
13.038405 0.000461 
13.038405 0.000471 
13.038405 0.000461 
13.038405 0.000654 
13.038405 0.000653 
13.152946 0.000558 
13.152946 0.000555 
13.152946 0.000558 
13.152946 0.000635 
13.152946 0.000555 
13.152946 0.000631 
13.152946 0.000635 
13.152946 0.000631 
13.341664 0.000533 
13.341664 0.000528 
13.341664 0.000533 
13.341664 0.000604 
13.341664 0.000528 
13.341664 0.000599 
13.341664 0.000604 
13.341664 0.000599 
13.416408 0.000452 
13.416408 0.000444 
13.416408 0.000452 
13.416408 0.000490 
13.416408 0.000444 
13.416408 0.000479 
13.416408 0.000490 
13.416408 0.000479 
13.453624 0.000392 
13.453624 0.000388 
13.453624 0.000392 
13.453624 0.000396 
13.453624 0.000388 
13.453624 0.000388 
13.453624 0.000396 
13.453624 0.000388 
13.601471 0.000499 
13.601471 0.000493 
13.601471 0.000395 
13.601471 0.000387 
13.601471 0.000395 
13.601471 0.000411 
13.601471 0.000499 
13.601471 0.000564 
13.601471 0.000493 
13.601471 0.000556 
13.601471 0.000387 
13.601471 0.000399 
13.601471 0.000411 
13.601471 0.000399 
13.601471 0.000564 
13.601471 0.000556 
13.892444 0.000403 
13.892444 0.000393 
13.892444 0.000403 
13.892444 0.000433 
13.892444 0.000393 
13.892444 0.000420 
13.892444 0.000433 
13.892444 0.000420 
13.928388 0.000460 
13.928388 0.000452 
13.928388 0.000460 
13.928388 0.000516 
13.928388 0.000452 
13.928388 0.000506 
13.928388 0.000516 
13.928388 0.000506 
14.000000 0.000547 
14.000000 0.000547 
14.000000 0.000647 
14.000000 0.000647 
14.035669 0.000543 
14.035669 0.000541 
14.035669 0.000543 
14.035669 0.000641 
14.035669 0.000541 
14.035669 0.000639 
14.035669 0.000641 
14.035669 0.000639 
14.142136 0.000528 
14.142136 0.000525 
14.142136 0.000341 
14.142136 0.000340 
14.142136 0.000528 
14.142136 0.000623 
14.142136 0.000525 
14.142136 0.000619 
14.142136 0.000340 
14.142136 0.000333 
14.142136 0.000623 
14.142136 0.000619 
14.212670 0.000345 
14.212670 0.000336 
14.212670 0.000345 
14.212670 0.000353 
14.212670 0.000336 
14.212670 0.000340 
14.212670 0.000353 
14.212670 0.000340 
14.317821 0.000505 
14.317821 0.000500 
14.317821 0.000417 
14.317821 0.000406 
14.317821 0.000417 
14.317821 0.000464 
14.317821 0.000505 
14.317821 0.000592 
14.317821 0.000500 
14.317821 0.000587 
14.317821 0.000406 
14.317821 0.000452 
14.317821 0.000464 
14.317821 0.000452 
14.317821 0.000592 
14.317821 0.000587 
14.422205 0.000354 
14.422205 0.000343 
14.422205 0.000354 
14.422205 0.000376 
14.422205 0.000343 
14.422205 0.000361 
14.422205 0.000376 
14.422205 0.000361 
14.560220 0.000474 
14.560220 0.000466 
14.560220 0.000474 
14.560220 0.000553 
14.560220 0.000466 
14.560220 0.000545 
14.560220 0.000553 
14.560220 0.000545 
14.764823 0.000371 
14.764823 0.000359 
14.764823 0.000371 
14.764823 0.000410 
14.764823 0.000359 
14.764823 0.000395 
14.764823 0.000410 
14.764823 0.000395 
14.866069 0.000437 
14.866069 0.000427 
14.866069 0.000298 
14.866069 0.000290 
14.866069 0.000298 
14.866069 0.000299 
14.866069 0.000437 
14.866069 0.000507 
14.866069 0.000427 
14.866069 0.000497 
14.866069 0.000290 
14.866069 0.000286 
14.866069 0.000299 
14.866069 0.000286 
14.866069 0.000507 
14.866069 0.000497 
15.000000 0.000537 
15.000000 0.000307 
15.000000 0.000294 
15.000000 0.000307 
15.000000 0.000321 
15.000000 0.000537 
15.000000 0.000294 
15.000000 0.000304 
15.000000 0.000321 
15.000000 0.000304 
15.033296 0.000533 
15.033296 0.000531 
15.033296 0.000533 
15.033296 0.000531 
15.132746 0.000519 
15.132746 0.000515 
15.132746 0.000519 
15.132746 0.000515 
15.231546 0.000396 
15.231546 0.000384 
15.231546 0.000396 
15.231546 0.000456 
15.231546 0.000384 
15.231546 0.000443 
15.231546 0.000456 
15.231546 0.000443 
15.264338 0.000325 
15.264338 0.000310 
15.264338 0.000325 
15.264338 0.000355 
15.264338 0.000310 
15.264338 0.000338 
15.264338 0.000355 
15.264338 0.000338 
15.297059 0.000496 
15.297059 0.000490 
15.297059 0.000496 
15.297059 0.000490 
15.524175 0.000465 
15.524175 0.000458 
15.524175 0.000465 
15.524175 0.000458 
15.556349 0.000256 
15.556349 0.000251 
15.556349 0.000251 
15.556349 0.000238 
15.620499 0.000262 
15.620499 0.000249 
15.620499 0.000262 
15.620499 0.000269 
15.620499 0.000249 
15.620499 0.000249 
15.620499 0.000269 
15.620499 0.000249 
15.652476 0.000352 
15.652476 0.000338 
15.652476 0.000352 
15.652476 0.000403 
15.652476 0.000338 
15.652476 0.000387 
15.652476 0.000403 
15.652476 0.000387 
15.811388 0.000429 
15.811388 0.000420 
15.811388 0.000279 
15.811388 0.000263 
15.811388 0.000279 
15.811388 0.000301 
15.811388 0.000429 
15.811388 0.000420 
15.811388 0.000263 
15.811388 0.000281 
15.811388 0.000301 
15.811388 0.000281 
16.124515 0.000307 
16.124515 0.000291 
16.124515 0.000307 
16.124515 0.000348 
16.124515 0.000291 
16.124515 0.000330 
16.124515 0.000348 
16.124515 0.000330 
16.155494 0.000389 
16.155494 0.000377 
16.155494 0.000389 
16.155494 0.000377 
16.278821 0.000221 
16.278821 0.000208 
16.278821 0.000221 
16.278821 0.000219 
16.278821 0.000208 
16.278821 0.000198 
16.278821 0.000219 
16.278821 0.000198 
16.401219 0.000235 
16.401219 0.000216 
16.401219 0.000235 
16.401219 0.000249 
16.401219 0.000216 
16.401219 0.000225 
16.401219 0.000249 
16.401219 0.000225 
16.552945 0.000346 
16.552945 0.000331 
16.552945 0.000346 
16.552945 0.000331 
16.643317 0.000262 
16.643317 0.000243 
16.643317 0.000262 
16.643317 0.000295 
16.643317 0.000243 
16.643317 0.000273 
16.643317 0.000295 
16.643317 0.000273 
16.970563 0.000184 
16.970563 0.000174 
16.970563 0.000174 
16.970563 0.000153 
17.000000 0.000301 
17.000000 0.000284 
17.000000 0.000301 
17.000000 0.000284 
17.029386 0.000193 
17.029386 0.000173 
17.029386 0.000193 
17.029386 0.000198 
17.029386 0.000173 
17.029386 0.000171 
17.029386 0.000198 
17.029386 0.000171 
17.204651 0.000218 
17.204651 0.000195 
17.204651 0.000218 
17.204651 0.000242 
17.204651 0.000195 
17.204651 0.000216 
17.204651 0.000242 
17.204651 0.000216 
17.492856 0.000256 
17.492856 0.000236 
17.492856 0.000256 
17.492856 0.000236 
17.691806 0.000154 
17.691806 0.000134 
17.691806 0.000154 
17.691806 0.000150 
17.691806 0.000134 
17.691806 0.000120 
17.691806 0.000150 
17.691806 0.000120 
17.804494 0.000174 
17.804494 0.000149 
17.804494 0.000174 
17.804494 0.000191 
17.804494 0.000149 
17.804494 0.000161 
17.804494 0.000191 
17.804494 0.000161 
18.027756 0.000212 
18.027756 0.000188 
18.027756 0.000212 
18.027756 0.000188 
18.384776 0.000119 
18.384776 0.000105 
18.384776 0.000105 
18.384776 0.000075 
18.439089 0.000133 
18.439089 0.000105 
18.439089 0.000133 
18.439089 0.000142 
18.439089 0.000105 
18.439089 0.000107 
18.439089 0.000142 
18.439089 0.000107 
18.601075 0.000168 
18.601075 0.000141 
18.601075 0.000168 
18.601075 0.000141 
19.104973 0.000093 
19.104973 0.000066 
19.104973 0.000093 
19.104973 0.000094 
19.104973 0.000066 
19.104973 0.000053 
19.104973 0.000094 
19.104973 0.000053 
19.209373 0.000125 
19.209373 0.000093 
19.209373 0.000125 
19.209373 0.000093 
19.798990 0.000059 
19.798990 0.000047 
19.798990 0.000047 
19.798990 0.000000 
19.849433 0.000083 
19.849433 0.000047 
19.849433 0.000083 
19.849433 0.000047 
20.518285 0.000041 
20.518285 0.000000 
20.518285 0.000041 
20.518285 0.000000 
21.213203 0.000000 
