0.000000 0.000000 nan nan 
0.000000 1.000000 -1.000000 -0.000000 
0.000000 2.000000 -1.000000 -0.000000 
0.000000 3.000000 -1.000000 -0.000000 
0.000000 4.000000 -1.000000 -0.000000 
0.000000 5.000000 -1.000000 -0.000000 
0.000000 6.000000 -1.000000 -0.000000 
0.000000 7.000000 -1.000000 -0.000000 
0.000000 8.000000 -1.000000 -0.000000 
0.000000 9.000000 -1.000000 -0.000000 
0.000000 10.000000 -1.000000 -0.000000 
0.000000 11.000000 -1.000000 -0.000000 
0.000000 12.000000 -1.000000 -0.000000 
0.000000 13.000000 -1.000000 -0.000000 
0.000000 14.000000 -1.000000 -0.000000 
0.000000 15.000000 -1.000000 -0.000000 
0.000000 16.000000 -1.000000 -0.000000 
0.000000 17.000000 -1.000000 -0.000000 
0.000000 18.000000 -1.000000 -0.000000 
0.000000 19.000000 -1.000000 -0.000000 
0.000000 20.000000 -1.000000 -0.000000 
0.000000 21.000000 -1.000000 -0.000000 
0.000000 22.000000 -1.000000 -0.000000 
0.000000 23.000000 -1.000000 -0.000000 
0.000000 24.000000 -1.000000 -0.000000 
0.000000 25.000000 -1.000000 -0.000000 
0.000000 26.000000 -1.000000 -0.000000 
0.000000 27.000000 -1.000000 -0.000000 
0.000000 28.000000 -1.000000 -0.000000 
0.000000 29.000000 nan nan 
1.000000 0.000000 -0.000000 -1.000000 
1.000000 1.000000 -0.707106 -0.707106 
1.000000 2.000000 -0.893195 -0.449665 
1.000000 3.000000 -0.947084 -0.320980 
1.000000 4.000000 -0.968565 -0.248754 
1.000000 5.000000 -0.979223 -0.202775 
1.000000 6.000000 -0.985388 -0.170315 
1.000000 7.000000 -0.989393 -0.145252 
1.000000 8.000000 -0.992243 -0.124302 
1.000000 9.000000 -0.994413 -0.105545 
1.000000 10.000000 -0.996135 -0.087816 
1.000000 11.000000 -0.997518 -0.070391 
1.000000 12.000000 -0.998601 -0.052857 
1.000000 13.000000 -0.999385 -0.035016 
1.000000 14.000000 -0.999857 -0.016840 
1.000000 15.000000 -0.999997 0.001593 
1.000000 16.000000 -0.999796 0.020148 
1.000000 17.000000 -0.999249 0.038707 
1.000000 18.000000 -0.998359 0.057234 
1.000000 19.000000 -0.997118 0.075842 
1.000000 20.000000 -0.995488 0.094871 
1.000000 21.000000 -0.993368 0.114969 
1.000000 22.000000 -0.990534 0.137256 
1.000000 23.000000 -0.986524 0.163607 
1.000000 24.000000 -0.980343 0.197293 
1.000000 25.000000 -0.969668 0.244420 
1.000000 26.000000 -0.948182 0.317723 
1.000000 27.000000 -0.894317 0.447430 
1.000000 28.000000 -0.708239 0.705971 
1.000000 29.000000 -0.000000 1.000000 
2.000000 0.000000 -0.000000 -1.000000 
2.000000 1.000000 -0.449665 -0.893195 
2.000000 2.000000 -0.707104 -0.707104 
2.000000 3.000000 -0.829539 -0.558438 
2.000000 4.000000 -0.890793 -0.454394 
2.000000 5.000000 -0.924846 -0.380324 
2.000000 6.000000 -0.945855 -0.324569 
2.000000 7.000000 -0.960072 -0.279730 
2.000000 8.000000 -0.970478 -0.241166 
2.000000 9.000000 -0.978563 -0.205922 
2.000000 10.000000 -0.985079 -0.172072 
2.000000 11.000000 -0.990370 -0.138409 
2.000000 12.000000 -0.994549 -0.104220 
2.000000 13.000000 -0.997597 -0.069212 
2.000000 14.000000 -0.999438 -0.033392 
2.000000 15.000000 -0.999991 0.003000 
2.000000 16.000000 -0.999210 0.039616 
2.000000 17.000000 -0.997093 0.076134 
2.000000 18.000000 -0.993659 0.112390 
2.000000 19.000000 -0.988905 0.148515 
2.000000 20.000000 -0.982726 0.185038 
2.000000 21.000000 -0.974804 0.223038 
2.000000 22.000000 -0.964429 0.264322 
2.000000 23.000000 -0.950145 0.311789 
2.000000 24.000000 -0.929010 0.370038 
2.000000 25.000000 -0.894788 0.446479 
2.000000 26.000000 -0.833309 0.552798 
2.000000 27.000000 -0.710474 0.703718 
2.000000 28.000000 -0.452007 0.892013 
2.000000 29.000000 -0.000000 1.000000 
3.000000 0.000000 -0.000000 -1.000000 
3.000000 1.000000 -0.320980 -0.947084 
3.000000 2.000000 -0.558438 -0.829539 
3.000000 3.000000 -0.707100 -0.707100 
3.000000 4.000000 -0.797041 -0.603907 
3.000000 5.000000 -0.853425 -0.521193 
3.000000 6.000000 -0.891029 -0.453920 
3.000000 7.000000 -0.917881 -0.396825 
3.000000 8.000000 -0.938313 -0.345755 
3.000000 9.000000 -0.954665 -0.297646 
3.000000 10.000000 -0.968143 -0.250357 
3.000000 11.000000 -0.979283 -0.202450 
3.000000 12.000000 -0.988199 -0.153118 
3.000000 13.000000 -0.994768 -0.102073 
3.000000 14.000000 -0.998766 -0.049500 
3.000000 15.000000 -0.999983 0.004076 
3.000000 16.000000 -0.998311 0.057945 
3.000000 17.000000 -0.993764 0.111424 
3.000000 18.000000 -0.986439 0.164076 
3.000000 19.000000 -0.976411 0.215879 
3.000000 20.000000 -0.963584 0.267369 
3.000000 21.000000 -0.947494 0.319743 
3.000000 22.000000 -0.927015 0.374996 
3.000000 23.000000 -0.899894 0.436084 
3.000000 24.000000 -0.861853 0.507137 
3.000000 25.000000 -0.804879 0.593423 
3.000000 26.000000 -0.714109 0.700023 
3.000000 27.000000 -0.564123 0.825685 
3.000000 28.000000 -0.324378 0.945926 
3.000000 29.000000 -0.000000 1.000000 
4.000000 0.000000 -0.000000 -1.000000 
4.000000 1.000000 -0.248754 -0.968565 
4.000000 2.000000 -0.454394 -0.890793 
4.000000 3.000000 -0.603907 -0.797041 
4.000000 4.000000 -0.707097 -0.707097 
4.000000 5.000000 -0.778607 -0.627487 
4.000000 6.000000 -0.829972 -0.557776 
4.000000 7.000000 -0.868756 -0.495208 
4.000000 8.000000 -0.899579 -0.436722 
4.000000 9.000000 -0.925108 -0.379664 
4.000000 10.000000 -0.946743 -0.321946 
4.000000 11.000000 -0.965020 -0.262126 
4.000000 12.000000 -0.979907 -0.199392 
4.000000 13.000000 -0.991023 -0.133602 
4.000000 14.000000 -0.997859 -0.065227 
4.000000 15.000000 -0.999978 0.004742 
4.000000 16.000000 -0.997170 0.075035 
4.000000 17.000000 -0.989506 0.144410 
4.000000 18.000000 -0.977266 0.211961 
4.000000 19.000000 -0.960752 0.277363 
4.000000 20.000000 -0.940055 0.340985 
4.000000 21.000000 -0.914766 0.403950 
4.000000 22.000000 -0.883651 0.468116 
4.000000 23.000000 -0.844180 0.536033 
4.000000 24.000000 -0.791828 0.610722 
4.000000 25.000000 -0.719031 0.694961 
4.000000 26.000000 -0.614129 0.789194 
4.000000 27.000000 -0.462200 0.886769 
4.000000 28.000000 -0.253110 0.967436 
4.000000 29.000000 -0.000000 1.000000 
5.000000 0.000000 -0.000000 -1.000000 
5.000000 1.000000 -0.202775 -0.979223 
5.000000 2.000000 -0.380324 -0.924846 
5.000000 3.000000 -0.521193 -0.853425 
5.000000 4.000000 -0.627487 -0.778607 
5.000000 5.000000 -0.707094 -0.707094 
5.000000 6.000000 -0.768059 -0.640348 
5.000000 7.000000 -0.816586 -0.577190 
5.000000 8.000000 -0.856877 -0.515484 
5.000000 9.000000 -0.891503 -0.452976 
5.000000 10.000000 -0.921763 -0.387712 
5.000000 11.000000 -0.947996 -0.318234 
5.000000 12.000000 -0.969817 -0.243775 
5.000000 13.000000 -0.986386 -0.164365 
5.000000 14.000000 -0.996710 -0.080898 
5.000000 15.000000 -0.999975 0.004986 
5.000000 16.000000 -0.995820 0.091195 
5.000000 17.000000 -0.984437 0.175663 
5.000000 18.000000 -0.966447 0.256815 
5.000000 19.000000 -0.942600 0.333881 
5.000000 20.000000 -0.913411 0.407000 
5.000000 21.000000 -0.878795 0.477166 
5.000000 22.000000 -0.837721 0.546069 
5.000000 23.000000 -0.787851 0.615839 
5.000000 24.000000 -0.725120 0.688600 
5.000000 25.000000 -0.643339 0.765564 
5.000000 26.000000 -0.534339 0.845259 
5.000000 27.000000 -0.389977 0.920819 
5.000000 28.000000 -0.207975 0.978133 
5.000000 29.000000 -0.000000 1.000000 
6.000000 0.000000 -0.000000 -1.000000 
6.000000 1.000000 -0.170315 -0.985388 
6.000000 2.000000 -0.324569 -0.945855 
6.000000 3.000000 -0.453920 -0.891029 
6.000000 4.000000 -0.557776 -0.829972 
6.000000 5.000000 -0.640348 -0.768059 
6.000000 6.000000 -0.707092 -0.707092 
6.000000 7.000000 -0.762831 -0.646566 
6.000000 8.000000 -0.811131 -0.584830 
6.000000 9.000000 -0.854245 -0.519836 
6.000000 10.000000 -0.893216 -0.449590 
6.000000 11.000000 -0.928009 -0.372518 
6.000000 12.000000 -0.957688 -0.287759 
6.000000 13.000000 -0.980692 -0.195493 
6.000000 14.000000 -0.995262 -0.097107 
6.000000 15.000000 -0.999976 0.004850 
6.000000 16.000000 -0.994235 0.107115 
6.000000 17.000000 -0.978448 0.206434 
6.000000 18.000000 -0.953827 0.300313 
6.000000 19.000000 -0.921877 0.387446 
6.000000 20.000000 -0.883828 0.467779 
6.000000 21.000000 -0.840163 0.542303 
6.000000 22.000000 -0.790289 0.612706 
6.000000 23.000000 -0.732300 0.680957 
6.000000 24.000000 -0.662831 0.748747 
6.000000 25.000000 -0.577103 0.816655 
6.000000 26.000000 -0.469540 0.882900 
6.000000 27.000000 -0.335746 0.941947 
6.000000 28.000000 -0.176202 0.984352 
6.000000 29.000000 -0.000000 1.000000 
7.000000 0.000000 -0.000000 -1.000000 
7.000000 1.000000 -0.145252 -0.989393 
7.000000 2.000000 -0.279730 -0.960072 
7.000000 3.000000 -0.396825 -0.917881 
7.000000 4.000000 -0.495208 -0.868756 
7.000000 5.000000 -0.577190 -0.816586 
7.000000 6.000000 -0.646566 -0.762831 
7.000000 7.000000 -0.707092 -0.707092 
7.000000 8.000000 -0.761763 -0.647826 
7.000000 9.000000 -0.812517 -0.582907 
7.000000 10.000000 -0.860113 -0.510073 
7.000000 11.000000 -0.904078 -0.427336 
7.000000 12.000000 -0.942741 -0.333489 
7.000000 13.000000 -0.973497 -0.228654 
7.000000 14.000000 -0.993383 -0.114762 
7.000000 15.000000 -0.999981 0.004411 
7.000000 16.000000 -0.992290 0.123860 
7.000000 17.000000 -0.971110 0.238587 
7.000000 18.000000 -0.938650 0.344837 
7.000000 19.000000 -0.897621 0.440739 
7.000000 20.000000 -0.850318 0.526242 
7.000000 21.000000 -0.798000 0.602631 
7.000000 22.000000 -0.740602 0.671920 
7.000000 23.000000 -0.676674 0.736260 
7.000000 24.000000 -0.603491 0.797350 
7.000000 25.000000 -0.517347 0.855760 
7.000000 26.000000 -0.414356 0.910104 
7.000000 27.000000 -0.292026 0.956405 
7.000000 28.000000 -0.151638 0.988435 
7.000000 29.000000 -0.000000 1.000000 
8.000000 0.000000 -0.000000 -1.000000 
8.000000 1.000000 -0.124302 -0.992243 
8.000000 2.000000 -0.241166 -0.970478 
8.000000 3.000000 -0.345755 -0.938313 
8.000000 4.000000 -0.436722 -0.899579 
8.000000 5.000000 -0.515484 -0.856877 
8.000000 6.000000 -0.584830 -0.811131 
8.000000 7.000000 -0.647826 -0.761763 
8.000000 8.000000 -0.707094 -0.707094 
8.000000 9.000000 -0.764417 -0.644698 
8.000000 10.000000 -0.820415 -0.571745 
8.000000 11.000000 -0.874257 -0.485439 
8.000000 12.000000 -0.923446 -0.383703 
8.000000 13.000000 -0.963918 -0.266167 
8.000000 14.000000 -0.990813 -0.135182 
8.000000 15.000000 -0.999986 0.003756 
8.000000 16.000000 -0.989724 0.142942 
8.000000 17.000000 -0.961537 0.274648 
8.000000 18.000000 -0.919367 0.393378 
8.000000 19.000000 -0.867850 0.496805 
8.000000 20.000000 -0.810767 0.585348 
8.000000 21.000000 -0.750261 0.661121 
8.000000 22.000000 -0.686710 0.726911 
8.000000 23.000000 -0.618959 0.785403 
8.000000 24.000000 -0.544667 0.838635 
8.000000 25.000000 -0.460818 0.887480 
8.000000 26.000000 -0.364488 0.931198 
8.000000 27.000000 -0.254110 0.967170 
8.000000 28.000000 -0.130946 0.991388 
8.000000 29.000000 -0.000000 1.000000 
9.000000 0.000000 -0.000000 -1.000000 
9.000000 1.000000 -0.105545 -0.994413 
9.000000 2.000000 -0.205922 -0.978563 
9.000000 3.000000 -0.297646 -0.954665 
9.000000 4.000000 -0.379664 -0.925108 
9.000000 5.000000 -0.452976 -0.891503 
9.000000 6.000000 -0.519836 -0.854245 
9.000000 7.000000 -0.582907 -0.812517 
9.000000 8.000000 -0.644698 -0.764417 
9.000000 9.000000 -0.707097 -0.707097 
9.000000 10.000000 -0.770920 -0.636914 
9.000000 11.000000 -0.835319 -0.549750 
9.000000 12.000000 -0.897094 -0.441823 
9.000000 13.000000 -0.950313 -0.311277 
9.000000 14.000000 -0.987050 -0.160382 
9.000000 15.000000 -0.999991 0.002978 
9.000000 16.000000 -0.986026 0.166565 
9.000000 17.000000 -0.948061 0.318072 
9.000000 18.000000 -0.893233 0.449580 
9.000000 19.000000 -0.829274 0.558827 
9.000000 20.000000 -0.761881 0.647701 
9.000000 21.000000 -0.693946 0.720011 
9.000000 22.000000 -0.625949 0.779846 
9.000000 23.000000 -0.556656 0.830726 
9.000000 24.000000 -0.483789 0.875169 
9.000000 25.000000 -0.404627 0.914469 
9.000000 26.000000 -0.316753 0.948499 
9.000000 27.000000 -0.218945 0.975733 
9.000000 28.000000 -0.112176 0.993687 
9.000000 29.000000 -0.000000 1.000000 
10.000000 0.000000 -0.000000 -1.000000 
10.000000 1.000000 -0.087816 -0.996135 
10.000000 2.000000 -0.172072 -0.985079 
10.000000 3.000000 -0.250357 -0.968143 
10.000000 4.000000 -0.321946 -0.946743 
10.000000 5.000000 -0.387712 -0.921763 
10.000000 6.000000 -0.449590 -0.893216 
10.000000 7.000000 -0.510073 -0.860113 
10.000000 8.000000 -0.571745 -0.820415 
10.000000 9.000000 -0.636914 -0.770920 
10.000000 10.000000 -0.707101 -0.707101 
10.000000 11.000000 -0.782176 -0.623047 
10.000000 12.000000 -0.858951 -0.512049 
10.000000 13.000000 -0.929518 -0.368767 
10.000000 14.000000 -0.981061 -0.193685 
10.000000 15.000000 -0.999995 0.002160 
10.000000 16.000000 -0.980152 0.198235 
10.000000 17.000000 -0.927494 0.373829 
10.000000 18.000000 -0.855472 0.517841 
10.000000 19.000000 -0.776755 0.629794 
10.000000 20.000000 -0.699048 0.715064 
10.000000 21.000000 -0.625288 0.780382 
10.000000 22.000000 -0.555299 0.831637 
10.000000 23.000000 -0.487243 0.873252 
10.000000 24.000000 -0.418533 0.908188 
10.000000 25.000000 -0.346482 0.938045 
10.000000 26.000000 -0.268857 0.963172 
10.000000 27.000000 -0.184547 0.982819 
10.000000 28.000000 -0.094117 0.995560 
10.000000 29.000000 -0.000000 1.000000 
11.000000 0.000000 -0.000000 -1.000000 
11.000000 1.000000 -0.070391 -0.997518 
11.000000 2.000000 -0.138409 -0.990370 
11.000000 3.000000 -0.202450 -0.979283 
11.000000 4.000000 -0.262126 -0.965020 
11.000000 5.000000 -0.318234 -0.947996 
11.000000 6.000000 -0.372518 -0.928009 
11.000000 7.000000 -0.427336 -0.904078 
11.000000 8.000000 -0.485439 -0.874257 
11.000000 9.000000 -0.549750 -0.835319 
11.000000 10.000000 -0.623047 -0.782176 
11.000000 11.000000 -0.707104 -0.707104 
11.000000 12.000000 -0.800595 -0.599201 
11.000000 13.000000 -0.895026 -0.446010 
11.000000 14.000000 -0.970475 -0.241198 
11.000000 15.000000 -0.999998 0.001383 
11.000000 16.000000 -0.969718 0.244224 
11.000000 17.000000 -0.893303 0.449450 
11.000000 18.000000 -0.797634 0.603137 
11.000000 19.000000 -0.702523 0.711656 
11.000000 20.000000 -0.616297 0.787507 
11.000000 21.000000 -0.540067 0.841613 
11.000000 22.000000 -0.471822 0.881683 
11.000000 23.000000 -0.408539 0.912729 
11.000000 24.000000 -0.347107 0.937814 
11.000000 25.000000 -0.284728 0.958598 
11.000000 26.000000 -0.219280 0.975655 
11.000000 27.000000 -0.149642 0.988736 
11.000000 28.000000 -0.076033 0.997104 
11.000000 29.000000 -0.000000 1.000000 
12.000000 0.000000 -0.000000 -1.000000 
12.000000 1.000000 -0.052857 -0.998601 
12.000000 2.000000 -0.104220 -0.994549 
12.000000 3.000000 -0.153118 -0.988199 
12.000000 4.000000 -0.199392 -0.979907 
12.000000 5.000000 -0.243775 -0.969817 
12.000000 6.000000 -0.287759 -0.957688 
12.000000 7.000000 -0.333489 -0.942741 
12.000000 8.000000 -0.383703 -0.923446 
12.000000 9.000000 -0.441823 -0.897094 
12.000000 10.000000 -0.512049 -0.858951 
12.000000 11.000000 -0.599201 -0.800595 
12.000000 12.000000 -0.707106 -0.707106 
12.000000 13.000000 -0.832315 -0.554302 
12.000000 14.000000 -0.948892 -0.315599 
12.000000 15.000000 -0.999999 0.000730 
12.000000 16.000000 -0.948305 0.317358 
12.000000 17.000000 -0.830949 0.556346 
12.000000 18.000000 -0.704784 0.709420 
12.000000 19.000000 -0.595654 0.803238 
12.000000 20.000000 -0.506862 0.862022 
12.000000 21.000000 -0.434413 0.900707 
12.000000 22.000000 -0.373310 0.927698 
12.000000 23.000000 -0.319183 0.947683 
12.000000 24.000000 -0.268486 0.963273 
12.000000 25.000000 -0.218468 0.975835 
12.000000 26.000000 -0.167164 0.985922 
12.000000 27.000000 -0.113526 0.993531 
12.000000 28.000000 -0.057505 0.998344 
12.000000 29.000000 -0.000000 1.000000 
13.000000 0.000000 -0.000000 -1.000000 
13.000000 1.000000 -0.035016 -0.999385 
13.000000 2.000000 -0.069212 -0.997597 
13.000000 3.000000 -0.102073 -0.994768 
13.000000 4.000000 -0.133602 -0.991023 
13.000000 5.000000 -0.164365 -0.986386 
13.000000 6.000000 -0.195493 -0.980692 
13.000000 7.000000 -0.228654 -0.973497 
13.000000 8.000000 -0.266167 -0.963918 
13.000000 9.000000 -0.311277 -0.950313 
13.000000 10.000000 -0.368767 -0.929518 
13.000000 11.000000 -0.446010 -0.895026 
13.000000 12.000000 -0.554302 -0.832315 
13.000000 13.000000 -0.707107 -0.707107 
13.000000 14.000000 -0.894532 -0.447003 
13.000000 15.000000 -1.000000 0.000290 
13.000000 16.000000 -0.894113 0.447841 
13.000000 17.000000 -0.706156 0.708056 
13.000000 18.000000 -0.552742 0.833352 
13.000000 19.000000 -0.443655 0.896196 
13.000000 20.000000 -0.365327 0.930876 
13.000000 21.000000 -0.306354 0.951912 
13.000000 22.000000 -0.259257 0.965801 
13.000000 23.000000 -0.219147 0.975683 
13.000000 24.000000 -0.182706 0.983158 
13.000000 25.000000 -0.147611 0.989037 
13.000000 26.000000 -0.112314 0.993666 
13.000000 27.000000 -0.075956 0.997108 
13.000000 28.000000 -0.038375 0.999262 
13.000000 29.000000 -0.000000 1.000000 
14.000000 0.000000 -0.000000 -1.000000 
14.000000 1.000000 -0.016840 -0.999857 
14.000000 2.000000 -0.033392 -0.999438 
14.000000 3.000000 -0.049500 -0.998766 
14.000000 4.000000 -0.065227 -0.997859 
14.000000 5.000000 -0.080898 -0.996710 
14.000000 6.000000 -0.097107 -0.995262 
14.000000 7.000000 -0.114762 -0.993383 
14.000000 8.000000 -0.135182 -0.990813 
14.000000 9.000000 -0.160382 -0.987050 
14.000000 10.000000 -0.193685 -0.981061 
14.000000 11.000000 -0.241198 -0.970475 
14.000000 12.000000 -0.315599 -0.948892 
14.000000 13.000000 -0.447003 -0.894532 
14.000000 14.000000 -0.707107 -0.707107 
14.000000 15.000000 -1.000000 0.000082 
14.000000 16.000000 -0.706858 0.707355 
14.000000 17.000000 -0.446550 0.894759 
14.000000 18.000000 -0.314878 0.949132 
14.000000 19.000000 -0.240093 0.970749 
14.000000 20.000000 -0.192048 0.981383 
14.000000 21.000000 -0.158027 0.987431 
14.000000 22.000000 -0.131875 0.991260 
14.000000 23.000000 -0.110222 0.993899 
14.000000 24.000000 -0.091018 0.995840 
14.000000 25.000000 -0.072939 0.997328 
14.000000 26.000000 -0.055124 0.998473 
14.000000 27.000000 -0.037091 0.999308 
14.000000 28.000000 -0.018679 0.999825 
14.000000 29.000000 -0.000000 1.000000 
15.000000 0.000000 -0.000000 -1.000000 
15.000000 1.000000 0.001593 -0.999997 
15.000000 2.000000 0.003000 -0.999991 
15.000000 3.000000 0.004076 -0.999983 
15.000000 4.000000 0.004742 -0.999978 
15.000000 5.000000 0.004986 -0.999975 
15.000000 6.000000 0.004850 -0.999976 
15.000000 7.000000 0.004411 -0.999981 
15.000000 8.000000 0.003756 -0.999986 
15.000000 9.000000 0.002978 -0.999991 
15.000000 10.000000 0.002160 -0.999995 
15.000000 11.000000 0.001383 -0.999998 
15.000000 12.000000 0.000730 -0.999999 
15.000000 13.000000 0.000290 -1.000000 
15.000000 14.000000 0.000082 -1.000000 
15.000000 16.000000 0.000082 1.000000 
15.000000 17.000000 0.000286 1.000000 
15.000000 18.000000 0.000713 0.999999 
15.000000 19.000000 0.001336 0.999998 
15.000000 20.000000 0.002060 0.999996 
15.000000 21.000000 0.002792 0.999992 
15.000000 22.000000 0.003444 0.999988 
15.000000 23.000000 0.003925 0.999985 
15.000000 24.000000 0.004144 0.999983 
15.000000 25.000000 0.004022 0.999984 
15.000000 26.000000 0.003509 0.999988 
15.000000 27.000000 0.002610 0.999993 
15.000000 28.000000 0.001394 0.999998 
15.000000 29.000000 -0.000000 1.000000 
16.000000 0.000000 -0.000000 -1.000000 
16.000000 1.000000 0.020148 -0.999796 
16.000000 2.000000 0.039616 -0.999210 
16.000000 3.000000 0.057945 -0.998311 
16.000000 4.000000 0.075035 -0.997170 
16.000000 5.000000 0.091195 -0.995820 
16.000000 6.000000 0.107115 -0.994235 
16.000000 7.000000 0.123860 -0.992290 
16.000000 8.000000 0.142942 -0.989724 
16.000000 9.000000 0.166565 -0.986026 
16.000000 10.000000 0.198235 -0.980152 
16.000000 11.000000 0.244224 -0.969718 
16.000000 12.000000 0.317358 -0.948305 
16.000000 13.000000 0.447841 -0.894113 
16.000000 14.000000 0.707355 -0.706858 
16.000000 15.000000 1.000000 0.000082 
16.000000 16.000000 0.707107 0.707107 
16.000000 17.000000 0.447379 0.894344 
16.000000 18.000000 0.316601 0.948558 
16.000000 19.000000 0.243026 0.970019 
16.000000 20.000000 0.196400 0.980521 
16.000000 21.000000 0.163841 0.986483 
16.000000 22.000000 0.139014 0.990284 
16.000000 23.000000 0.118350 0.992964 
16.000000 24.000000 0.099606 0.995018 
16.000000 25.000000 0.081284 0.996683 
16.000000 26.000000 0.062418 0.998044 
16.000000 27.000000 0.042523 0.999092 
16.000000 28.000000 0.021585 0.999766 
16.000000 29.000000 -0.000000 1.000000 
17.000000 0.000000 -0.000000 -1.000000 
17.000000 1.000000 0.038707 -0.999249 
17.000000 2.000000 0.076134 -0.997093 
17.000000 3.000000 0.111424 -0.993764 
17.000000 4.000000 0.144410 -0.989506 
17.000000 5.000000 0.175663 -0.984437 
17.000000 6.000000 0.206434 -0.978448 
17.000000 7.000000 0.238587 -0.971110 
17.000000 8.000000 0.274648 -0.961537 
17.000000 9.000000 0.318072 -0.948061 
17.000000 10.000000 0.373829 -0.927494 
17.000000 11.000000 0.449450 -0.893303 
17.000000 12.000000 0.556346 -0.830949 
17.000000 13.000000 0.708056 -0.706156 
17.000000 14.000000 0.894759 -0.446550 
17.000000 15.000000 1.000000 0.000286 
17.000000 16.000000 0.894344 0.447379 
17.000000 17.000000 0.707107 0.707107 
17.000000 18.000000 0.554764 0.832007 
17.000000 19.000000 0.447018 0.894523 
17.000000 20.000000 0.370210 0.928945 
17.000000 21.000000 0.312804 0.949813 
17.000000 22.000000 0.267138 0.963651 
17.000000 23.000000 0.228120 0.973624 
17.000000 24.000000 0.192211 0.981344 
17.000000 25.000000 0.156889 0.987608 
17.000000 26.000000 0.120462 0.992712 
17.000000 27.000000 0.082052 0.996625 
17.000000 28.000000 0.041646 0.999131 
17.000000 29.000000 -0.000000 1.000000 
18.000000 0.000000 -0.000000 -1.000000 
18.000000 1.000000 0.057234 -0.998359 
18.000000 2.000000 0.112390 -0.993659 
18.000000 3.000000 0.164076 -0.986439 
18.000000 4.000000 0.211961 -0.977266 
18.000000 5.000000 0.256815 -0.966447 
18.000000 6.000000 0.300313 -0.953827 
18.000000 7.000000 0.344837 -0.938650 
18.000000 8.000000 0.393378 -0.919367 
18.000000 9.000000 0.449580 -0.893233 
18.000000 10.000000 0.517841 -0.855472 
18.000000 11.000000 0.603137 -0.797634 
18.000000 12.000000 0.709420 -0.704784 
18.000000 13.000000 0.833352 -0.552742 
18.000000 14.000000 0.949132 -0.314878 
18.000000 15.000000 0.999999 0.000713 
18.000000 16.000000 0.948558 0.316601 
18.000000 17.000000 0.832007 0.554764 
18.000000 18.000000 0.707106 0.707106 
18.000000 19.000000 0.599553 0.800332 
18.000000 20.000000 0.512523 0.858669 
18.000000 21.000000 0.441878 0.897069 
18.000000 22.000000 0.382437 0.923973 
18.000000 23.000000 0.329607 0.944108 
18.000000 24.000000 0.279592 0.960109 
18.000000 25.000000 0.229387 0.973326 
18.000000 26.000000 0.176832 0.984234 
18.000000 27.000000 0.120813 0.992672 
18.000000 28.000000 0.061435 0.998110 
18.000000 29.000000 -0.000000 1.000000 
19.000000 0.000000 -0.000000 -1.000000 
19.000000 1.000000 0.075842 -0.997118 
19.000000 2.000000 0.148515 -0.988905 
19.000000 3.000000 0.215879 -0.976411 
19.000000 4.000000 0.277363 -0.960752 
19.000000 5.000000 0.333881 -0.942600 
19.000000 6.000000 0.387446 -0.921877 
19.000000 7.000000 0.440739 -0.897621 
19.000000 8.000000 0.496805 -0.867850 
19.000000 9.000000 0.558827 -0.829274 
19.000000 10.000000 0.629794 -0.776755 
19.000000 11.000000 0.711656 -0.702523 
19.000000 12.000000 0.803238 -0.595654 
19.000000 13.000000 0.896196 -0.443655 
19.000000 14.000000 0.970749 -0.240093 
19.000000 15.000000 0.999998 0.001336 
19.000000 16.000000 0.970019 0.243026 
19.000000 17.000000 0.894523 0.447018 
19.000000 18.000000 0.800332 0.599553 
19.000000 19.000000 0.707104 0.707104 
19.000000 20.000000 0.622999 0.782216 
19.000000 21.000000 0.548954 0.835844 
19.000000 22.000000 0.482747 0.875750 
19.000000 23.000000 0.421105 0.907000 
19.000000 24.000000 0.360613 0.932704 
19.000000 25.000000 0.298148 0.954510 
19.000000 26.000000 0.231292 0.972877 
19.000000 27.000000 0.158786 0.987309 
19.000000 28.000000 0.080999 0.996713 
19.000000 29.000000 -0.000000 1.000000 
20.000000 0.000000 -0.000000 -1.000000 
20.000000 1.000000 0.094871 -0.995488 
20.000000 2.000000 0.185038 -0.982726 
20.000000 3.000000 0.267369 -0.963584 
20.000000 4.000000 0.340985 -0.940055 
20.000000 5.000000 0.407000 -0.913411 
20.000000 6.000000 0.467779 -0.883828 
20.000000 7.000000 0.526242 -0.850318 
20.000000 8.000000 0.585348 -0.810767 
20.000000 9.000000 0.647701 -0.761881 
20.000000 10.000000 0.715064 -0.699048 
20.000000 11.000000 0.787507 -0.616297 
20.000000 12.000000 0.862022 -0.506862 
20.000000 13.000000 0.930876 -0.365327 
20.000000 14.000000 0.981383 -0.192048 
20.000000 15.000000 0.999996 0.002060 
20.000000 16.000000 0.980521 0.196400 
20.000000 17.000000 0.928945 0.370210 
20.000000 18.000000 0.858669 0.512523 
20.000000 19.000000 0.782216 0.622999 
20.000000 20.000000 0.707102 0.707102 
20.000000 21.000000 0.636052 0.771634 
20.000000 22.000000 0.568651 0.822566 
20.000000 23.000000 0.502757 0.864414 
20.000000 24.000000 0.435412 0.900218 
20.000000 25.000000 0.363482 0.931590 
20.000000 26.000000 0.284292 0.958730 
20.000000 27.000000 0.196446 0.980510 
20.000000 28.000000 0.100638 0.994922 
20.000000 29.000000 -0.000000 1.000000 
21.000000 0.000000 -0.000000 -1.000000 
21.000000 1.000000 0.114969 -0.993368 
21.000000 2.000000 0.223038 -0.974804 
21.000000 3.000000 0.319743 -0.947494 
21.000000 4.000000 0.403950 -0.914766 
21.000000 5.000000 0.477166 -0.878795 
21.000000 6.000000 0.542303 -0.840163 
21.000000 7.000000 0.602631 -0.798000 
21.000000 8.000000 0.661121 -0.750261 
21.000000 9.000000 0.720011 -0.693946 
21.000000 10.000000 0.780382 -0.625288 
21.000000 11.000000 0.841613 -0.540067 
21.000000 12.000000 0.900707 -0.434413 
21.000000 13.000000 0.951912 -0.306354 
21.000000 14.000000 0.987431 -0.158027 
21.000000 15.000000 0.999992 0.002792 
21.000000 16.000000 0.986483 0.163841 
21.000000 17.000000 0.949813 0.312804 
21.000000 18.000000 0.897069 0.441878 
21.000000 19.000000 0.835844 0.548954 
21.000000 20.000000 0.771634 0.636052 
21.000000 21.000000 0.707099 0.707099 
21.000000 22.000000 0.642439 0.766321 
21.000000 23.000000 0.576068 0.817386 
21.000000 24.000000 0.505233 0.862969 
21.000000 25.000000 0.426604 0.904426 
21.000000 26.000000 0.337069 0.941472 
21.000000 27.000000 0.234870 0.972022 
21.000000 28.000000 0.121007 0.992650 
21.000000 29.000000 -0.000000 1.000000 
22.000000 0.000000 -0.000000 -1.000000 
22.000000 1.000000 0.137256 -0.990534 
22.000000 2.000000 0.264322 -0.964429 
22.000000 3.000000 0.374996 -0.927015 
22.000000 4.000000 0.468116 -0.883651 
22.000000 5.000000 0.546069 -0.837721 
22.000000 6.000000 0.612706 -0.790289 
22.000000 7.000000 0.671920 -0.740602 
22.000000 8.000000 0.726911 -0.686710 
22.000000 9.000000 0.779846 -0.625949 
22.000000 10.000000 0.831637 -0.555299 
22.000000 11.000000 0.881683 -0.471822 
22.000000 12.000000 0.927698 -0.373310 
22.000000 13.000000 0.965801 -0.259257 
22.000000 14.000000 0.991260 -0.131875 
22.000000 15.000000 0.999988 0.003444 
22.000000 16.000000 0.990284 0.139014 
22.000000 17.000000 0.963651 0.267138 
22.000000 18.000000 0.923973 0.382437 
22.000000 19.000000 0.875750 0.482747 
22.000000 20.000000 0.822566 0.568651 
22.000000 21.000000 0.766321 0.642439 
22.000000 22.000000 0.707098 0.707098 
22.000000 23.000000 0.643336 0.765566 
22.000000 24.000000 0.572117 0.820156 
22.000000 25.000000 0.489578 0.871947 
22.000000 26.000000 0.391713 0.920078 
22.000000 27.000000 0.275926 0.961174 
22.000000 28.000000 0.143242 0.989686 
22.000000 29.000000 -0.000000 1.000000 
23.000000 0.000000 -0.000000 -1.000000 
23.000000 1.000000 0.163607 -0.986524 
23.000000 2.000000 0.311789 -0.950145 
23.000000 3.000000 0.436084 -0.899894 
23.000000 4.000000 0.536033 -0.844180 
23.000000 5.000000 0.615839 -0.787851 
23.000000 6.000000 0.680957 -0.732300 
23.000000 7.000000 0.736260 -0.676674 
23.000000 8.000000 0.785403 -0.618959 
23.000000 9.000000 0.830726 -0.556656 
23.000000 10.000000 0.873252 -0.487243 
23.000000 11.000000 0.912729 -0.408539 
23.000000 12.000000 0.947683 -0.319183 
23.000000 13.000000 0.975683 -0.219147 
23.000000 14.000000 0.993899 -0.110222 
23.000000 15.000000 0.999985 0.003925 
23.000000 16.000000 0.992964 0.118350 
23.000000 17.000000 0.973624 0.228120 
23.000000 18.000000 0.944108 0.329607 
23.000000 19.000000 0.907000 0.421105 
23.000000 20.000000 0.864414 0.502757 
23.000000 21.000000 0.817386 0.576068 
23.000000 22.000000 0.765566 0.643336 
23.000000 23.000000 0.707097 0.707097 
23.000000 24.000000 0.638576 0.769542 
23.000000 25.000000 0.555178 0.831717 
23.000000 26.000000 0.451324 0.892351 
23.000000 27.000000 0.322578 0.946538 
23.000000 28.000000 0.169262 0.985570 
23.000000 29.000000 -0.000000 1.000000 
24.000000 0.000000 -0.000000 -1.000000 
24.000000 1.000000 0.197293 -0.980343 
24.000000 2.000000 0.370038 -0.929010 
24.000000 3.000000 0.507137 -0.861853 
24.000000 4.000000 0.610722 -0.791828 
24.000000 5.000000 0.688600 -0.725120 
24.000000 6.000000 0.748747 -0.662831 
24.000000 7.000000 0.797350 -0.603491 
24.000000 8.000000 0.838635 -0.544667 
24.000000 9.000000 0.875169 -0.483789 
24.000000 10.000000 0.908188 -0.418533 
24.000000 11.000000 0.937814 -0.347107 
24.000000 12.000000 0.963273 -0.268486 
24.000000 13.000000 0.983158 -0.182706 
24.000000 14.000000 0.995840 -0.091018 
24.000000 15.000000 0.999983 0.004144 
24.000000 16.000000 0.995018 0.099606 
24.000000 17.000000 0.981344 0.192211 
24.000000 18.000000 0.960109 0.279592 
24.000000 19.000000 0.932704 0.360613 
24.000000 20.000000 0.900218 0.435412 
24.000000 21.000000 0.862969 0.505233 
24.000000 22.000000 0.820156 0.572117 
24.000000 23.000000 0.769542 0.638576 
24.000000 24.000000 0.707098 0.707098 
24.000000 25.000000 0.626675 0.779266 
24.000000 26.000000 0.520170 0.854053 
24.000000 27.000000 0.379520 0.925178 
24.000000 28.000000 0.202372 0.979307 
24.000000 29.000000 -0.000000 1.000000 
25.000000 0.000000 -0.000000 -1.000000 
25.000000 1.000000 0.244420 -0.969668 
25.000000 2.000000 0.446479 -0.894788 
25.000000 3.000000 0.593423 -0.804879 
25.000000 4.000000 0.694961 -0.719031 
25.000000 5.000000 0.765564 -0.643339 
25.000000 6.000000 0.816655 -0.577103 
25.000000 7.000000 0.855760 -0.517347 
25.000000 8.000000 0.887480 -0.460818 
25.000000 9.000000 0.914469 -0.404627 
25.000000 10.000000 0.938045 -0.346482 
25.000000 11.000000 0.958598 -0.284728 
25.000000 12.000000 0.975835 -0.218468 
25.000000 13.000000 0.989037 -0.147611 
25.000000 14.000000 0.997328 -0.072939 
25.000000 15.000000 0.999984 0.004022 
25.000000 16.000000 0.996683 0.081284 
25.000000 17.000000 0.987608 0.156889 
25.000000 18.000000 0.973326 0.229387 
25.000000 19.000000 0.954510 0.298148 
25.000000 20.000000 0.931590 0.363482 
25.000000 21.000000 0.904426 0.426604 
25.000000 22.000000 0.871947 0.489578 
25.000000 23.000000 0.831717 0.555178 
25.000000 24.000000 0.779266 0.626675 
25.000000 25.000000 0.707100 0.707100 
25.000000 26.000000 0.603676 0.797220 
25.000000 27.000000 0.454236 0.890876 
25.000000 28.000000 0.248732 0.968571 
25.000000 29.000000 -0.000000 1.000000 
26.000000 0.000000 -0.000000 -1.000000 
26.000000 1.000000 0.317723 -0.948182 
26.000000 2.000000 0.552798 -0.833309 
26.000000 3.000000 0.700023 -0.714109 
26.000000 4.000000 0.789194 -0.614129 
26.000000 5.000000 0.845259 -0.534339 
26.000000 6.000000 0.882900 -0.469540 
26.000000 7.000000 0.910104 -0.414356 
26.000000 8.000000 0.931198 -0.364488 
26.000000 9.000000 0.948499 -0.316753 
26.000000 10.000000 0.963172 -0.268857 
26.000000 11.000000 0.975655 -0.219280 
26.000000 12.000000 0.985922 -0.167164 
26.000000 13.000000 0.993666 -0.112314 
26.000000 14.000000 0.998473 -0.055124 
26.000000 15.000000 0.999988 0.003509 
26.000000 16.000000 0.998044 0.062418 
26.000000 17.000000 0.992712 0.120462 
26.000000 18.000000 0.984234 0.176832 
26.000000 19.000000 0.972877 0.231292 
26.000000 20.000000 0.958730 0.284292 
26.000000 21.000000 0.941472 0.337069 
26.000000 22.000000 0.920078 0.391713 
26.000000 23.000000 0.892351 0.451324 
26.000000 24.000000 0.854053 0.520170 
26.000000 25.000000 0.797220 0.603676 
26.000000 26.000000 0.707102 0.707102 
26.000000 27.000000 0.558493 0.829504 
26.000000 28.000000 0.321113 0.947039 
26.000000 29.000000 -0.000000 1.000000 
27.000000 0.000000 -0.000000 -1.000000 
27.000000 1.000000 0.447430 -0.894317 
27.000000 2.000000 0.703718 -0.710474 
27.000000 3.000000 0.825685 -0.564123 
27.000000 4.000000 0.886769 -0.462200 
27.000000 5.000000 0.920819 -0.389977 
27.000000 6.000000 0.941947 -0.335746 
27.000000 7.000000 0.956405 -0.292026 
27.000000 8.000000 0.967170 -0.254110 
27.000000 9.000000 0.975733 -0.218945 
27.000000 10.000000 0.982819 -0.184547 
27.000000 11.000000 0.988736 -0.149642 
27.000000 12.000000 0.993531 -0.113526 
27.000000 13.000000 0.997108 -0.075956 
27.000000 14.000000 0.999308 -0.037091 
27.000000 15.000000 0.999993 0.002610 
27.000000 16.000000 0.999092 0.042523 
27.000000 17.000000 0.996625 0.082052 
27.000000 18.000000 0.992672 0.120813 
27.000000 19.000000 0.987309 0.158786 
27.000000 20.000000 0.980510 0.196446 
27.000000 21.000000 0.972022 0.234870 
27.000000 22.000000 0.961174 0.275926 
27.000000 23.000000 0.946538 0.322578 
27.000000 24.000000 0.925178 0.379520 
27.000000 25.000000 0.890876 0.454236 
27.000000 26.000000 0.829504 0.558493 
27.000000 27.000000 0.707104 0.707104 
27.000000 28.000000 0.449778 0.893139 
27.000000 29.000000 -0.000000 1.000000 
28.000000 0.000000 -0.000000 -1.000000 
28.000000 1.000000 0.705971 -0.708239 
28.000000 2.000000 0.892013 -0.452007 
28.000000 3.000000 0.945926 -0.324378 
28.000000 4.000000 0.967436 -0.253110 
28.000000 5.000000 0.978133 -0.207975 
28.000000 6.000000 0.984352 -0.176202 
28.000000 7.000000 0.988435 -0.151638 
28.000000 8.000000 0.991388 -0.130946 
28.000000 9.000000 0.993687 -0.112176 
28.000000 10.000000 0.995560 -0.094117 
28.000000 11.000000 0.997104 -0.076033 
28.000000 12.000000 0.998344 -0.057505 
28.000000 13.000000 0.999262 -0.038375 
28.000000 14.000000 0.999825 -0.018679 
28.000000 15.000000 0.999998 0.001394 
28.000000 16.000000 0.999766 0.021585 
28.000000 17.000000 0.999131 0.041646 
28.000000 18.000000 0.998110 0.061435 
28.000000 19.000000 0.996713 0.080999 
28.000000 20.000000 0.994922 0.100638 
28.000000 21.000000 0.992650 0.121007 
28.000000 22.000000 0.989686 0.143242 
28.000000 23.000000 0.985570 0.169262 
28.000000 24.000000 0.979307 0.202372 
28.000000 25.000000 0.968571 0.248732 
28.000000 26.000000 0.947039 0.321113 
28.000000 27.000000 0.893139 0.449778 
28.000000 28.000000 0.707106 0.707106 
28.000000 29.000000 -0.000000 1.000000 
29.000000 0.000000 nan nan 
29.000000 1.000000 1.000000 -0.000000 
29.000000 2.000000 1.000000 -0.000000 
29.000000 3.000000 1.000000 -0.000000 
29.000000 4.000000 1.000000 -0.000000 
29.000000 5.000000 1.000000 -0.000000 
29.000000 6.000000 1.000000 -0.000000 
29.000000 7.000000 1.000000 -0.000000 
29.000000 8.000000 1.000000 -0.000000 
29.000000 9.000000 1.000000 -0.000000 
29.000000 10.000000 1.000000 -0.000000 
29.000000 11.000000 1.000000 -0.000000 
29.000000 12.000000 1.000000 -0.000000 
29.000000 13.000000 1.000000 -0.000000 
29.000000 14.000000 1.000000 -0.000000 
29.000000 15.000000 1.000000 -0.000000 
29.000000 16.000000 1.000000 -0.000000 
29.000000 17.000000 1.000000 -0.000000 
29.000000 18.000000 1.000000 -0.000000 
29.000000 19.000000 1.000000 -0.000000 
29.000000 20.000000 1.000000 -0.000000 
29.000000 21.000000 1.000000 -0.000000 
29.000000 22.000000 1.000000 -0.000000 
29.000000 23.000000 1.000000 -0.000000 
29.000000 24.000000 1.000000 -0.000000 
29.000000 25.000000 1.000000 -0.000000 
29.000000 26.000000 1.000000 -0.000000 
29.000000 27.000000 1.000000 -0.000000 
29.000000 28.000000 1.000000 -0.000000 
29.000000 29.000000 nan nan 
