0.000000 0.000000 0.000000 
0.000000 1.000000 0.000000 
0.000000 2.000000 0.000000 
0.000000 3.000000 0.000000 
0.000000 4.000000 0.000000 
0.000000 5.000000 0.000000 
0.000000 6.000000 0.000000 
0.000000 7.000000 0.000000 
0.000000 8.000000 0.000000 
0.000000 9.000000 0.000000 
0.000000 10.000000 0.000000 
0.000000 11.000000 0.000000 
0.000000 12.000000 0.000000 
0.000000 13.000000 0.000000 
0.000000 14.000000 0.000000 
0.000000 15.000000 0.000000 
0.000000 16.000000 0.000000 
0.000000 17.000000 0.000000 
0.000000 18.000000 0.000000 
0.000000 19.000000 0.000000 
0.000000 20.000000 0.000000 
0.000000 21.000000 0.000000 
0.000000 22.000000 0.000000 
0.000000 23.000000 0.000000 
0.000000 24.000000 0.000000 
0.000000 25.000000 0.000000 
0.000000 26.000000 0.000000 
0.000000 27.000000 0.000000 
0.000000 28.000000 0.000000 
0.000000 29.000000 0.000000 
1.000000 0.000000 0.000000 
1.000000 1.000000 0.000041 
1.000000 2.000000 0.000083 
1.000000 3.000000 0.000125 
1.000000 4.000000 0.000168 
1.000000 5.000000 0.000212 
1.000000 6.000000 0.000256 
1.000000 7.000000 0.000301 
1.000000 8.000000 0.000346 
1.000000 9.000000 0.000389 
1.000000 10.000000 0.000429 
1.000000 11.000000 0.000465 
1.000000 12.000000 0.000496 
1.000000 13.000000 0.000519 
1.000000 14.000000 0.000533 
1.000000 15.000000 0.000537 
1.000000 16.000000 0.000531 
1.000000 17.000000 0.000515 
1.000000 18.000000 0.000490 
1.000000 19.000000 0.000458 
1.000000 20.000000 0.000420 
1.000000 21.000000 0.000377 
1.000000 22.000000 0.000331 
1.000000 23.000000 0.000284 
1.000000 24.000000 0.000236 
1.000000 25.000000 0.000188 
1.000000 26.000000 0.000141 
1.000000 27.000000 0.000093 
1.000000 28.000000 0.000047 
1.000000 29.000000 0.000000 
2.000000 0.000000 0.000000 
2.000000 1.000000 0.000083 
2.000000 2.000000 0.000166 
2.000000 3.000000 0.000251 
2.000000 4.000000 0.000338 
2.000000 5.000000 0.000426 
2.000000 6.000000 0.000517 
2.000000 7.000000 0.000608 
2.000000 8.000000 0.000698 
2.000000 9.000000 0.000787 
2.000000 10.000000 0.000870 
2.000000 11.000000 0.000945 
2.000000 12.000000 0.001008 
2.000000 13.000000 0.001056 
2.000000 14.000000 0.001085 
2.000000 15.000000 0.001094 
2.000000 16.000000 0.001082 
2.000000 17.000000 0.001049 
2.000000 18.000000 0.000997 
2.000000 19.000000 0.000930 
2.000000 20.000000 0.000851 
2.000000 21.000000 0.000763 
2.000000 22.000000 0.000670 
2.000000 23.000000 0.000574 
2.000000 24.000000 0.000476 
2.000000 25.000000 0.000379 
2.000000 26.000000 0.000283 
2.000000 27.000000 0.000188 
2.000000 28.000000 0.000094 
2.000000 29.000000 0.000000 
3.000000 0.000000 0.000000 
3.000000 1.000000 0.000125 
3.000000 2.000000 0.000251 
3.000000 3.000000 0.000380 
3.000000 4.000000 0.000511 
3.000000 5.000000 0.000646 
3.000000 6.000000 0.000785 
3.000000 7.000000 0.000925 
3.000000 8.000000 0.001066 
3.000000 9.000000 0.001204 
3.000000 10.000000 0.001335 
3.000000 11.000000 0.001454 
3.000000 12.000000 0.001555 
3.000000 13.000000 0.001632 
3.000000 14.000000 0.001680 
3.000000 15.000000 0.001694 
3.000000 16.000000 0.001675 
3.000000 17.000000 0.001622 
3.000000 18.000000 0.001539 
3.000000 19.000000 0.001432 
3.000000 20.000000 0.001307 
3.000000 21.000000 0.001169 
3.000000 22.000000 0.001023 
3.000000 23.000000 0.000874 
3.000000 24.000000 0.000724 
3.000000 25.000000 0.000576 
3.000000 26.000000 0.000429 
3.000000 27.000000 0.000284 
3.000000 28.000000 0.000142 
3.000000 29.000000 0.000000 
4.000000 0.000000 0.000000 
4.000000 1.000000 0.000168 
4.000000 2.000000 0.000338 
4.000000 3.000000 0.000511 
4.000000 4.000000 0.000690 
4.000000 5.000000 0.000874 
4.000000 6.000000 0.001064 
4.000000 7.000000 0.001258 
4.000000 8.000000 0.001455 
4.000000 9.000000 0.001650 
4.000000 10.000000 0.001838 
4.000000 11.000000 0.002010 
4.000000 12.000000 0.002157 
4.000000 13.000000 0.002271 
4.000000 14.000000 0.002341 
4.000000 15.000000 0.002364 
4.000000 16.000000 0.002335 
4.000000 17.000000 0.002257 
4.000000 18.000000 0.002136 
4.000000 19.000000 0.001981 
4.000000 20.000000 0.001800 
4.000000 21.000000 0.001604 
4.000000 22.000000 0.001399 
4.000000 23.000000 0.001191 
4.000000 24.000000 0.000984 
4.000000 25.000000 0.000780 
4.000000 26.000000 0.000580 
4.000000 27.000000 0.000384 
4.000000 28.000000 0.000191 
4.000000 29.000000 0.000000 
5.000000 0.000000 0.000000 
5.000000 1.000000 0.000212 
5.000000 2.000000 0.000426 
5.000000 3.000000 0.000646 
5.000000 4.000000 0.000874 
5.000000 5.000000 0.001110 
5.000000 6.000000 0.001357 
5.000000 7.000000 0.001612 
5.000000 8.000000 0.001873 
5.000000 9.000000 0.002136 
5.000000 10.000000 0.002392 
5.000000 11.000000 0.002630 
5.000000 12.000000 0.002838 
5.000000 13.000000 0.003000 
5.000000 14.000000 0.003103 
5.000000 15.000000 0.003135 
5.000000 16.000000 0.003094 
5.000000 17.000000 0.002983 
5.000000 18.000000 0.002812 
5.000000 19.000000 0.002595 
5.000000 20.000000 0.002346 
5.000000 21.000000 0.002078 
5.000000 22.000000 0.001803 
5.000000 23.000000 0.001528 
5.000000 24.000000 0.001257 
5.000000 25.000000 0.000993 
5.000000 26.000000 0.000737 
5.000000 27.000000 0.000487 
5.000000 28.000000 0.000242 
5.000000 29.000000 0.000000 
6.000000 0.000000 0.000000 
6.000000 1.000000 0.000256 
6.000000 2.000000 0.000517 
6.000000 3.000000 0.000785 
6.000000 4.000000 0.001064 
6.000000 5.000000 0.001357 
6.000000 6.000000 0.001665 
6.000000 7.000000 0.001989 
6.000000 8.000000 0.002326 
6.000000 9.000000 0.002671 
6.000000 10.000000 0.003013 
6.000000 11.000000 0.003339 
6.000000 12.000000 0.003628 
6.000000 13.000000 0.003859 
6.000000 14.000000 0.004007 
6.000000 15.000000 0.004055 
6.000000 16.000000 0.003997 
6.000000 17.000000 0.003839 
6.000000 18.000000 0.003598 
6.000000 19.000000 0.003297 
6.000000 20.000000 0.002959 
6.000000 21.000000 0.002603 
6.000000 22.000000 0.002243 
6.000000 23.000000 0.001890 
6.000000 24.000000 0.001547 
6.000000 25.000000 0.001217 
6.000000 26.000000 0.000900 
6.000000 27.000000 0.000593 
6.000000 28.000000 0.000295 
6.000000 29.000000 0.000000 
7.000000 0.000000 0.000000 
7.000000 1.000000 0.000301 
7.000000 2.000000 0.000608 
7.000000 3.000000 0.000925 
7.000000 4.000000 0.001258 
7.000000 5.000000 0.001612 
7.000000 6.000000 0.001989 
7.000000 7.000000 0.002392 
7.000000 8.000000 0.002819 
7.000000 9.000000 0.003265 
7.000000 10.000000 0.003719 
7.000000 11.000000 0.004163 
7.000000 12.000000 0.004567 
7.000000 13.000000 0.004898 
7.000000 14.000000 0.005116 
7.000000 15.000000 0.005188 
7.000000 16.000000 0.005104 
7.000000 17.000000 0.004875 
7.000000 18.000000 0.004532 
7.000000 19.000000 0.004114 
7.000000 20.000000 0.003657 
7.000000 21.000000 0.003187 
7.000000 22.000000 0.002724 
7.000000 23.000000 0.002277 
7.000000 24.000000 0.001853 
7.000000 25.000000 0.001450 
7.000000 26.000000 0.001068 
7.000000 27.000000 0.000703 
7.000000 28.000000 0.000348 
7.000000 29.000000 0.000000 
8.000000 0.000000 0.000000 
8.000000 1.000000 0.000346 
8.000000 2.000000 0.000698 
8.000000 3.000000 0.001066 
8.000000 4.000000 0.001455 
8.000000 5.000000 0.001873 
8.000000 6.000000 0.002326 
8.000000 7.000000 0.002819 
8.000000 8.000000 0.003353 
8.000000 9.000000 0.003926 
8.000000 10.000000 0.004527 
8.000000 11.000000 0.005133 
8.000000 12.000000 0.005707 
8.000000 13.000000 0.006192 
8.000000 14.000000 0.006523 
8.000000 15.000000 0.006638 
8.000000 16.000000 0.006510 
8.000000 17.000000 0.006166 
8.000000 18.000000 0.005667 
8.000000 19.000000 0.005079 
8.000000 20.000000 0.004457 
8.000000 21.000000 0.003839 
8.000000 22.000000 0.003246 
8.000000 23.000000 0.002690 
8.000000 24.000000 0.002172 
8.000000 25.000000 0.001691 
8.000000 26.000000 0.001240 
8.000000 27.000000 0.000813 
8.000000 28.000000 0.000403 
8.000000 29.000000 0.000000 
9.000000 0.000000 0.000000 
9.000000 1.000000 0.000389 
9.000000 2.000000 0.000787 
9.000000 3.000000 0.001204 
9.000000 4.000000 0.001650 
9.000000 5.000000 0.002136 
9.000000 6.000000 0.002671 
9.000000 7.000000 0.003265 
9.000000 8.000000 0.003926 
9.000000 9.000000 0.004657 
9.000000 10.000000 0.005452 
9.000000 11.000000 0.006287 
9.000000 12.000000 0.007116 
9.000000 13.000000 0.007853 
9.000000 14.000000 0.008380 
9.000000 15.000000 0.008572 
9.000000 16.000000 0.008366 
9.000000 17.000000 0.007824 
9.000000 18.000000 0.007073 
9.000000 19.000000 0.006228 
9.000000 20.000000 0.005375 
9.000000 21.000000 0.004561 
9.000000 22.000000 0.003809 
9.000000 23.000000 0.003123 
9.000000 24.000000 0.002501 
9.000000 25.000000 0.001934 
9.000000 26.000000 0.001412 
9.000000 27.000000 0.000923 
9.000000 28.000000 0.000456 
9.000000 29.000000 0.000000 
10.000000 0.000000 0.000000 
10.000000 1.000000 0.000429 
10.000000 2.000000 0.000870 
10.000000 3.000000 0.001335 
10.000000 4.000000 0.001838 
10.000000 5.000000 0.002392 
10.000000 6.000000 0.003013 
10.000000 7.000000 0.003719 
10.000000 8.000000 0.004527 
10.000000 9.000000 0.005452 
10.000000 10.000000 0.006500 
10.000000 11.000000 0.007662 
10.000000 12.000000 0.008885 
10.000000 13.000000 0.010051 
10.000000 14.000000 0.010949 
10.000000 15.000000 0.011304 
10.000000 16.000000 0.010935 
10.000000 17.000000 0.010021 
10.000000 18.000000 0.008839 
10.000000 19.000000 0.007598 
10.000000 20.000000 0.006418 
10.000000 21.000000 0.005349 
10.000000 22.000000 0.004400 
10.000000 23.000000 0.003566 
10.000000 24.000000 0.002830 
10.000000 25.000000 0.002173 
10.000000 26.000000 0.001578 
10.000000 27.000000 0.001028 
10.000000 28.000000 0.000507 
10.000000 29.000000 0.000000 
11.000000 0.000000 0.000000 
11.000000 1.000000 0.000465 
11.000000 2.000000 0.000945 
11.000000 3.000000 0.001454 
11.000000 4.000000 0.002010 
11.000000 5.000000 0.002630 
11.000000 6.000000 0.003339 
11.000000 7.000000 0.004163 
11.000000 8.000000 0.005133 
11.000000 9.000000 0.006287 
11.000000 10.000000 0.007662 
11.000000 11.000000 0.009281 
11.000000 12.000000 0.011124 
11.000000 13.000000 0.013057 
11.000000 14.000000 0.014726 
11.000000 15.000000 0.015485 
11.000000 16.000000 0.014710 
11.000000 17.000000 0.013025 
11.000000 18.000000 0.011075 
11.000000 19.000000 0.009214 
11.000000 20.000000 0.007575 
11.000000 21.000000 0.006178 
11.000000 22.000000 0.004999 
11.000000 23.000000 0.004000 
11.000000 24.000000 0.003144 
11.000000 25.000000 0.002397 
11.000000 26.000000 0.001732 
11.000000 27.000000 0.001124 
11.000000 28.000000 0.000553 
11.000000 29.000000 0.000000 
12.000000 0.000000 0.000000 
12.000000 1.000000 0.000496 
12.000000 2.000000 0.001008 
12.000000 3.000000 0.001555 
12.000000 4.000000 0.002157 
12.000000 5.000000 0.002838 
12.000000 6.000000 0.003628 
12.000000 7.000000 0.004567 
12.000000 8.000000 0.005707 
12.000000 9.000000 0.007116 
12.000000 10.000000 0.008885 
12.000000 11.000000 0.011124 
12.000000 12.000000 0.013930 
12.000000 13.000000 0.017280 
12.000000 14.000000 0.020719 
12.000000 15.000000 0.022732 
12.000000 16.000000 0.020702 
12.000000 17.000000 0.017247 
12.000000 18.000000 0.013878 
12.000000 19.000000 0.011053 
12.000000 20.000000 0.008794 
12.000000 21.000000 0.007001 
12.000000 22.000000 0.005566 
12.000000 23.000000 0.004397 
12.000000 24.000000 0.003423 
12.000000 25.000000 0.002593 
12.000000 26.000000 0.001864 
12.000000 27.000000 0.001206 
12.000000 28.000000 0.000592 
12.000000 29.000000 0.000000 
13.000000 0.000000 0.000000 
13.000000 1.000000 0.000519 
13.000000 2.000000 0.001056 
13.000000 3.000000 0.001632 
13.000000 4.000000 0.002271 
13.000000 5.000000 0.003000 
13.000000 6.000000 0.003859 
13.000000 7.000000 0.004898 
13.000000 8.000000 0.006192 
13.000000 9.000000 0.007853 
13.000000 10.000000 0.010051 
13.000000 11.000000 0.013057 
13.000000 12.000000 0.017280 
13.000000 13.000000 0.023251 
13.000000 14.000000 0.031118 
13.000000 15.000000 0.038067 
13.000000 16.000000 0.031101 
13.000000 17.000000 0.023216 
13.000000 18.000000 0.017228 
13.000000 19.000000 0.012984 
13.000000 20.000000 0.009957 
13.000000 21.000000 0.007735 
13.000000 22.000000 0.006047 
13.000000 23.000000 0.004722 
13.000000 24.000000 0.003646 
13.000000 25.000000 0.002746 
13.000000 26.000000 0.001967 
13.000000 27.000000 0.001269 
13.000000 28.000000 0.000623 
13.000000 29.000000 0.000000 
14.000000 0.000000 0.000000 
14.000000 1.000000 0.000533 
14.000000 2.000000 0.001085 
14.000000 3.000000 0.001680 
14.000000 4.000000 0.002341 
14.000000 5.000000 0.003103 
14.000000 6.000000 0.004007 
14.000000 7.000000 0.005116 
14.000000 8.000000 0.006523 
14.000000 9.000000 0.008380 
14.000000 10.000000 0.010949 
14.000000 11.000000 0.014726 
14.000000 12.000000 0.020719 
14.000000 13.000000 0.031118 
14.000000 14.000000 0.050369 
14.000000 15.000000 0.081233 
14.000000 16.000000 0.050351 
14.000000 17.000000 0.031083 
14.000000 18.000000 0.020665 
14.000000 19.000000 0.014653 
14.000000 20.000000 0.010854 
14.000000 21.000000 0.008260 
14.000000 22.000000 0.006375 
14.000000 23.000000 0.004936 
14.000000 24.000000 0.003790 
14.000000 25.000000 0.002843 
14.000000 26.000000 0.002031 
14.000000 27.000000 0.001309 
14.000000 28.000000 0.000641 
14.000000 29.000000 0.000000 
15.000000 0.000000 0.000000 
15.000000 1.000000 0.000537 
15.000000 2.000000 0.001094 
15.000000 3.000000 0.001694 
15.000000 4.000000 0.002364 
15.000000 5.000000 0.003135 
15.000000 6.000000 0.004055 
15.000000 7.000000 0.005188 
15.000000 8.000000 0.006638 
15.000000 9.000000 0.008572 
15.000000 10.000000 0.011304 
15.000000 11.000000 0.015485 
15.000000 12.000000 0.022732 
15.000000 13.000000 0.038067 
15.000000 14.000000 0.081233 
15.000000 15.000000 0.247891 
15.000000 16.000000 0.081216 
15.000000 17.000000 0.038032 
15.000000 18.000000 0.022679 
15.000000 19.000000 0.015411 
15.000000 20.000000 0.011208 
15.000000 21.000000 0.008452 
15.000000 22.000000 0.006489 
15.000000 23.000000 0.005008 
15.000000 24.000000 0.003838 
15.000000 25.000000 0.002874 
15.000000 26.000000 0.002051 
15.000000 27.000000 0.001321 
15.000000 28.000000 0.000647 
15.000000 29.000000 0.000000 
16.000000 0.000000 0.000000 
16.000000 1.000000 0.000531 
16.000000 2.000000 0.001082 
16.000000 3.000000 0.001675 
16.000000 4.000000 0.002335 
16.000000 5.000000 0.003094 
16.000000 6.000000 0.003997 
16.000000 7.000000 0.005104 
16.000000 8.000000 0.006510 
16.000000 9.000000 0.008366 
16.000000 10.000000 0.010935 
16.000000 11.000000 0.014710 
16.000000 12.000000 0.020702 
16.000000 13.000000 0.031101 
16.000000 14.000000 0.050351 
16.000000 15.000000 0.081216 
16.000000 16.000000 0.050334 
16.000000 17.000000 0.031067 
16.000000 18.000000 0.020649 
16.000000 19.000000 0.014637 
16.000000 20.000000 0.010840 
16.000000 21.000000 0.008247 
16.000000 22.000000 0.006363 
16.000000 23.000000 0.004926 
16.000000 24.000000 0.003782 
16.000000 25.000000 0.002836 
16.000000 26.000000 0.002025 
16.000000 27.000000 0.001305 
16.000000 28.000000 0.000639 
16.000000 29.000000 0.000000 
17.000000 0.000000 0.000000 
17.000000 1.000000 0.000515 
17.000000 2.000000 0.001049 
17.000000 3.000000 0.001622 
17.000000 4.000000 0.002257 
17.000000 5.000000 0.002983 
17.000000 6.000000 0.003839 
17.000000 7.000000 0.004875 
17.000000 8.000000 0.006166 
17.000000 9.000000 0.007824 
17.000000 10.000000 0.010021 
17.000000 11.000000 0.013025 
17.000000 12.000000 0.017247 
17.000000 13.000000 0.023216 
17.000000 14.000000 0.031083 
17.000000 15.000000 0.038032 
17.000000 16.000000 0.031067 
17.000000 17.000000 0.023182 
17.000000 18.000000 0.017195 
17.000000 19.000000 0.012953 
17.000000 20.000000 0.009928 
17.000000 21.000000 0.007708 
17.000000 22.000000 0.006023 
17.000000 23.000000 0.004701 
17.000000 24.000000 0.003629 
17.000000 25.000000 0.002731 
17.000000 26.000000 0.001956 
17.000000 27.000000 0.001262 
17.000000 28.000000 0.000619 
17.000000 29.000000 0.000000 
18.000000 0.000000 0.000000 
18.000000 1.000000 0.000490 
18.000000 2.000000 0.000997 
18.000000 3.000000 0.001539 
18.000000 4.000000 0.002136 
18.000000 5.000000 0.002812 
18.000000 6.000000 0.003598 
18.000000 7.000000 0.004532 
18.000000 8.000000 0.005667 
18.000000 9.000000 0.007073 
18.000000 10.000000 0.008839 
18.000000 11.000000 0.011075 
18.000000 12.000000 0.013878 
18.000000 13.000000 0.017228 
18.000000 14.000000 0.020665 
18.000000 15.000000 0.022679 
18.000000 16.000000 0.020649 
18.000000 17.000000 0.017195 
18.000000 18.000000 0.013828 
18.000000 19.000000 0.011006 
18.000000 20.000000 0.008749 
18.000000 21.000000 0.006961 
18.000000 22.000000 0.005529 
18.000000 23.000000 0.004365 
18.000000 24.000000 0.003396 
18.000000 25.000000 0.002570 
18.000000 26.000000 0.001847 
18.000000 27.000000 0.001195 
18.000000 28.000000 0.000587 
18.000000 29.000000 0.000000 
19.000000 0.000000 0.000000 
19.000000 1.000000 0.000458 
19.000000 2.000000 0.000930 
19.000000 3.000000 0.001432 
19.000000 4.000000 0.001981 
19.000000 5.000000 0.002595 
19.000000 6.000000 0.003297 
19.000000 7.000000 0.004114 
19.000000 8.000000 0.005079 
19.000000 9.000000 0.006228 
19.000000 10.000000 0.007598 
19.000000 11.000000 0.009214 
19.000000 12.000000 0.011053 
19.000000 13.000000 0.012984 
19.000000 14.000000 0.014653 
19.000000 15.000000 0.015411 
19.000000 16.000000 0.014637 
19.000000 17.000000 0.012953 
19.000000 18.000000 0.011006 
19.000000 19.000000 0.009148 
19.000000 20.000000 0.007514 
19.000000 21.000000 0.006122 
19.000000 22.000000 0.004949 
19.000000 23.000000 0.003956 
19.000000 24.000000 0.003106 
19.000000 25.000000 0.002366 
19.000000 26.000000 0.001708 
19.000000 27.000000 0.001108 
19.000000 28.000000 0.000545 
19.000000 29.000000 0.000000 
20.000000 0.000000 0.000000 
20.000000 1.000000 0.000420 
20.000000 2.000000 0.000851 
20.000000 3.000000 0.001307 
20.000000 4.000000 0.001800 
20.000000 5.000000 0.002346 
20.000000 6.000000 0.002959 
20.000000 7.000000 0.003657 
20.000000 8.000000 0.004457 
20.000000 9.000000 0.005375 
20.000000 10.000000 0.006418 
20.000000 11.000000 0.007575 
20.000000 12.000000 0.008794 
20.000000 13.000000 0.009957 
20.000000 14.000000 0.010854 
20.000000 15.000000 0.011208 
20.000000 16.000000 0.010840 
20.000000 17.000000 0.009928 
20.000000 18.000000 0.008749 
20.000000 19.000000 0.007514 
20.000000 20.000000 0.006339 
20.000000 21.000000 0.005276 
20.000000 22.000000 0.004335 
20.000000 23.000000 0.003509 
20.000000 24.000000 0.002781 
20.000000 25.000000 0.002134 
20.000000 26.000000 0.001548 
20.000000 27.000000 0.001008 
20.000000 28.000000 0.000497 
20.000000 29.000000 0.000000 
21.000000 0.000000 0.000000 
21.000000 1.000000 0.000377 
21.000000 2.000000 0.000763 
21.000000 3.000000 0.001169 
21.000000 4.000000 0.001604 
21.000000 5.000000 0.002078 
21.000000 6.000000 0.002603 
21.000000 7.000000 0.003187 
21.000000 8.000000 0.003839 
21.000000 9.000000 0.004561 
21.000000 10.000000 0.005349 
21.000000 11.000000 0.006178 
21.000000 12.000000 0.007001 
21.000000 13.000000 0.007735 
21.000000 14.000000 0.008260 
21.000000 15.000000 0.008452 
21.000000 16.000000 0.008247 
21.000000 17.000000 0.007708 
21.000000 18.000000 0.006961 
21.000000 19.000000 0.006122 
21.000000 20.000000 0.005276 
21.000000 21.000000 0.004470 
21.000000 22.000000 0.003727 
21.000000 23.000000 0.003052 
21.000000 24.000000 0.002441 
21.000000 25.000000 0.001885 
21.000000 26.000000 0.001375 
21.000000 27.000000 0.000898 
21.000000 28.000000 0.000443 
21.000000 29.000000 0.000000 
22.000000 0.000000 0.000000 
22.000000 1.000000 0.000331 
22.000000 2.000000 0.000670 
22.000000 3.000000 0.001023 
22.000000 4.000000 0.001399 
22.000000 5.000000 0.001803 
22.000000 6.000000 0.002243 
22.000000 7.000000 0.002724 
22.000000 8.000000 0.003246 
22.000000 9.000000 0.003809 
22.000000 10.000000 0.004400 
22.000000 11.000000 0.004999 
22.000000 12.000000 0.005566 
22.000000 13.000000 0.006047 
22.000000 14.000000 0.006375 
22.000000 15.000000 0.006489 
22.000000 16.000000 0.006363 
22.000000 17.000000 0.006023 
22.000000 18.000000 0.005529 
22.000000 19.000000 0.004949 
22.000000 20.000000 0.004335 
22.000000 21.000000 0.003727 
22.000000 22.000000 0.003146 
22.000000 23.000000 0.002603 
22.000000 24.000000 0.002098 
22.000000 25.000000 0.001631 
22.000000 26.000000 0.001195 
22.000000 27.000000 0.000783 
22.000000 28.000000 0.000387 
22.000000 29.000000 0.000000 
23.000000 0.000000 0.000000 
23.000000 1.000000 0.000284 
23.000000 2.000000 0.000574 
23.000000 3.000000 0.000874 
23.000000 4.000000 0.001191 
23.000000 5.000000 0.001528 
23.000000 6.000000 0.001890 
23.000000 7.000000 0.002277 
23.000000 8.000000 0.002690 
23.000000 9.000000 0.003123 
23.000000 10.000000 0.003566 
23.000000 11.000000 0.004000 
23.000000 12.000000 0.004397 
23.000000 13.000000 0.004722 
23.000000 14.000000 0.004936 
23.000000 15.000000 0.005008 
23.000000 16.000000 0.004926 
23.000000 17.000000 0.004701 
23.000000 18.000000 0.004365 
23.000000 19.000000 0.003956 
23.000000 20.000000 0.003509 
23.000000 21.000000 0.003052 
23.000000 22.000000 0.002603 
23.000000 23.000000 0.002171 
23.000000 24.000000 0.001763 
23.000000 25.000000 0.001378 
23.000000 26.000000 0.001014 
23.000000 27.000000 0.000666 
23.000000 28.000000 0.000330 
23.000000 29.000000 0.000000 
24.000000 0.000000 0.000000 
24.000000 1.000000 0.000236 
24.000000 2.000000 0.000476 
24.000000 3.000000 0.000724 
24.000000 4.000000 0.000984 
24.000000 5.000000 0.001257 
24.000000 6.000000 0.001547 
24.000000 7.000000 0.001853 
24.000000 8.000000 0.002172 
24.000000 9.000000 0.002501 
24.000000 10.000000 0.002830 
24.000000 11.000000 0.003144 
24.000000 12.000000 0.003423 
24.000000 13.000000 0.003646 
24.000000 14.000000 0.003790 
24.000000 15.000000 0.003838 
24.000000 16.000000 0.003782 
24.000000 17.000000 0.003629 
24.000000 18.000000 0.003396 
24.000000 19.000000 0.003106 
24.000000 20.000000 0.002781 
24.000000 21.000000 0.002441 
24.000000 22.000000 0.002098 
24.000000 23.000000 0.001763 
24.000000 24.000000 0.001440 
24.000000 25.000000 0.001131 
24.000000 26.000000 0.000835 
24.000000 27.000000 0.000550 
24.000000 28.000000 0.000273 
24.000000 29.000000 0.000000 
25.000000 0.000000 0.000000 
25.000000 1.000000 0.000188 
25.000000 2.000000 0.000379 
25.000000 3.000000 0.000576 
25.000000 4.000000 0.000780 
25.000000 5.000000 0.000993 
25.000000 6.000000 0.001217 
25.000000 7.000000 0.001450 
25.000000 8.000000 0.001691 
25.000000 9.000000 0.001934 
25.000000 10.000000 0.002173 
25.000000 11.000000 0.002397 
25.000000 12.000000 0.002593 
25.000000 13.000000 0.002746 
25.000000 14.000000 0.002843 
25.000000 15.000000 0.002874 
25.000000 16.000000 0.002836 
25.000000 17.000000 0.002731 
25.000000 18.000000 0.002570 
25.000000 19.000000 0.002366 
25.000000 20.000000 0.002134 
25.000000 21.000000 0.001885 
25.000000 22.000000 0.001631 
25.000000 23.000000 0.001378 
25.000000 24.000000 0.001131 
25.000000 25.000000 0.000891 
25.000000 26.000000 0.000660 
25.000000 27.000000 0.000436 
25.000000 28.000000 0.000216 
25.000000 29.000000 0.000000 
26.000000 0.000000 0.000000 
26.000000 1.000000 0.000141 
26.000000 2.000000 0.000283 
26.000000 3.000000 0.000429 
26.000000 4.000000 0.000580 
26.000000 5.000000 0.000737 
26.000000 6.000000 0.000900 
26.000000 7.000000 0.001068 
26.000000 8.000000 0.001240 
26.000000 9.000000 0.001412 
26.000000 10.000000 0.001578 
26.000000 11.000000 0.001732 
26.000000 12.000000 0.001864 
26.000000 13.000000 0.001967 
26.000000 14.000000 0.002031 
26.000000 15.000000 0.002051 
26.000000 16.000000 0.002025 
26.000000 17.000000 0.001956 
26.000000 18.000000 0.001847 
26.000000 19.000000 0.001708 
26.000000 20.000000 0.001548 
26.000000 21.000000 0.001375 
26.000000 22.000000 0.001195 
26.000000 23.000000 0.001014 
26.000000 24.000000 0.000835 
26.000000 25.000000 0.000660 
26.000000 26.000000 0.000490 
26.000000 27.000000 0.000324 
26.000000 28.000000 0.000161 
26.000000 29.000000 0.000000 
27.000000 0.000000 0.000000 
27.000000 1.000000 0.000093 
27.000000 2.000000 0.000188 
27.000000 3.000000 0.000284 
27.000000 4.000000 0.000384 
27.000000 5.000000 0.000487 
27.000000 6.000000 0.000593 
27.000000 7.000000 0.000703 
27.000000 8.000000 0.000813 
27.000000 9.000000 0.000923 
27.000000 10.000000 0.001028 
27.000000 11.000000 0.001124 
27.000000 12.000000 0.001206 
27.000000 13.000000 0.001269 
27.000000 14.000000 0.001309 
27.000000 15.000000 0.001321 
27.000000 16.000000 0.001305 
27.000000 17.000000 0.001262 
27.000000 18.000000 0.001195 
27.000000 19.000000 0.001108 
27.000000 20.000000 0.001008 
27.000000 21.000000 0.000898 
27.000000 22.000000 0.000783 
27.000000 23.000000 0.000666 
27.000000 24.000000 0.000550 
27.000000 25.000000 0.000436 
27.000000 26.000000 0.000324 
27.000000 27.000000 0.000214 
27.000000 28.000000 0.000107 
27.000000 29.000000 0.000000 
28.000000 0.000000 0.000000 
28.000000 1.000000 0.000047 
28.000000 2.000000 0.000094 
28.000000 3.000000 0.000142 
28.000000 4.000000 0.000191 
28.000000 5.000000 0.000242 
28.000000 6.000000 0.000295 
28.000000 7.000000 0.000348 
28.000000 8.000000 0.000403 
28.000000 9.000000 0.000456 
28.000000 10.000000 0.000507 
28.000000 11.000000 0.000553 
28.000000 12.000000 0.000592 
28.000000 13.000000 0.000623 
28.000000 14.000000 0.000641 
28.000000 15.000000 0.000647 
28.000000 16.000000 0.000639 
28.000000 17.000000 0.000619 
28.000000 18.000000 0.000587 
28.000000 19.000000 0.000545 
28.000000 20.000000 0.000497 
28.000000 21.000000 0.000443 
28.000000 22.000000 0.000387 
28.000000 23.000000 0.000330 
28.000000 24.000000 0.000273 
28.000000 25.000000 0.000216 
28.000000 26.000000 0.000161 
28.000000 27.000000 0.000107 
28.000000 28.000000 0.000053 
28.000000 29.000000 0.000000 
29.000000 0.000000 0.000000 
29.000000 1.000000 0.000000 
29.000000 2.000000 0.000000 
29.000000 3.000000 0.000000 
29.000000 4.000000 0.000000 
29.000000 5.000000 0.000000 
29.000000 6.000000 0.000000 
29.000000 7.000000 0.000000 
29.000000 8.000000 0.000000 
29.000000 9.000000 0.000000 
29.000000 10.000000 0.000000 
29.000000 11.000000 0.000000 
29.000000 12.000000 0.000000 
29.000000 13.000000 0.000000 
29.000000 14.000000 0.000000 
29.000000 15.000000 0.000000 
29.000000 16.000000 0.000000 
29.000000 17.000000 0.000000 
29.000000 18.000000 0.000000 
29.000000 19.000000 0.000000 
29.000000 20.000000 0.000000 
29.000000 21.000000 0.000000 
29.000000 22.000000 0.000000 
29.000000 23.000000 0.000000 
29.000000 24.000000 0.000000 
29.000000 25.000000 0.000000 
29.000000 26.000000 0.000000 
29.000000 27.000000 0.000000 
29.000000 28.000000 0.000000 
29.000000 29.000000 0.000000 
