0.000000 0.000000 nan nan 
0.000000 1.000000 0.000000 -1.000000 
0.000000 2.000000 0.000000 -1.000000 
0.000000 3.000000 0.000000 -1.000000 
0.000000 4.000000 0.000000 -1.000000 
0.000000 5.000000 0.000000 -1.000000 
0.000000 6.000000 0.000000 -1.000000 
0.000000 7.000000 0.000000 -1.000000 
0.000000 8.000000 0.000000 -1.000000 
0.000000 9.000000 0.000000 -1.000000 
0.000000 10.000000 0.000000 -1.000000 
0.000000 11.000000 0.000000 -1.000000 
0.000000 12.000000 0.000000 -1.000000 
0.000000 13.000000 0.000000 -1.000000 
0.000000 14.000000 0.000000 -1.000000 
0.000000 15.000000 0.000000 -1.000000 
0.000000 16.000000 0.000000 -1.000000 
0.000000 17.000000 0.000000 -1.000000 
0.000000 18.000000 0.000000 -1.000000 
0.000000 19.000000 0.000000 -1.000000 
0.000000 20.000000 0.000000 -1.000000 
0.000000 21.000000 0.000000 -1.000000 
0.000000 22.000000 0.000000 -1.000000 
0.000000 23.000000 0.000000 -1.000000 
0.000000 24.000000 0.000000 -1.000000 
0.000000 25.000000 0.000000 -1.000000 
0.000000 26.000000 0.000000 -1.000000 
0.000000 27.000000 0.000000 -1.000000 
0.000000 28.000000 0.000000 -1.000000 
0.000000 29.000000 nan nan 
1.000000 0.000000 1.000000 -0.000000 
1.000000 1.000000 0.707107 -0.707107 
1.000000 2.000000 0.448823 -0.893621 
1.000000 3.000000 0.319235 -0.947676 
1.000000 4.000000 0.246213 -0.969216 
1.000000 5.000000 0.199562 -0.979885 
1.000000 6.000000 0.166565 -0.986030 
1.000000 7.000000 0.141122 -0.989992 
1.000000 8.000000 0.119967 -0.992778 
1.000000 9.000000 0.101208 -0.994865 
1.000000 10.000000 0.083690 -0.996492 
1.000000 11.000000 0.066702 -0.997773 
1.000000 12.000000 0.049817 -0.998758 
1.000000 13.000000 0.032816 -0.999461 
1.000000 14.000000 0.015618 -0.999878 
1.000000 15.000000 -0.001763 -0.999998 
1.000000 16.000000 -0.019271 -0.999814 
1.000000 17.000000 -0.036865 -0.999320 
1.000000 18.000000 -0.054575 -0.998510 
1.000000 19.000000 -0.072564 -0.997364 
1.000000 20.000000 -0.091197 -0.995833 
1.000000 21.000000 -0.111131 -0.993806 
1.000000 22.000000 -0.133479 -0.991052 
1.000000 23.000000 -0.160101 -0.987101 
1.000000 24.000000 -0.194244 -0.980953 
1.000000 25.000000 -0.241997 -0.970277 
1.000000 26.000000 -0.316078 -0.948733 
1.000000 27.000000 -0.446696 -0.894686 
1.000000 28.000000 -0.706078 -0.708134 
1.000000 29.000000 -1.000000 -0.000000 
2.000000 0.000000 1.000000 -0.000000 
2.000000 1.000000 0.893621 -0.448823 
2.000000 2.000000 0.707107 -0.707107 
2.000000 3.000000 0.557012 -0.830505 
2.000000 4.000000 0.451317 -0.892364 
2.000000 5.000000 0.375720 -0.926733 
2.000000 6.000000 0.318693 -0.947858 
2.000000 7.000000 0.272893 -0.962044 
2.000000 8.000000 0.233732 -0.972301 
2.000000 9.000000 0.198290 -0.980143 
2.000000 10.000000 0.164682 -0.986347 
2.000000 11.000000 0.131704 -0.991289 
2.000000 12.000000 0.098637 -0.995123 
2.000000 13.000000 0.065127 -0.997877 
2.000000 14.000000 0.031089 -0.999517 
2.000000 15.000000 -0.003373 -0.999994 
2.000000 16.000000 -0.038071 -0.999275 
2.000000 17.000000 -0.072840 -0.997344 
2.000000 18.000000 -0.107655 -0.994188 
2.000000 19.000000 -0.142739 -0.989760 
2.000000 20.000000 -0.178681 -0.983907 
2.000000 21.000000 -0.216569 -0.976267 
2.000000 22.000000 -0.258204 -0.966090 
2.000000 23.000000 -0.306447 -0.951888 
2.000000 24.000000 -0.365854 -0.930672 
2.000000 25.000000 -0.443763 -0.896144 
2.000000 26.000000 -0.551717 -0.834032 
2.000000 27.000000 -0.704035 -0.710166 
2.000000 28.000000 -0.892602 -0.450845 
2.000000 29.000000 -1.000000 -0.000000 
3.000000 0.000000 1.000000 -0.000000 
3.000000 1.000000 0.947676 -0.319235 
3.000000 2.000000 0.830505 -0.557012 
3.000000 3.000000 0.707107 -0.707107 
3.000000 4.000000 0.602066 -0.798446 
3.000000 5.000000 0.517254 -0.855832 
3.000000 6.000000 0.448013 -0.894027 
3.000000 7.000000 0.389294 -0.921113 
3.000000 8.000000 0.337065 -0.941481 
3.000000 9.000000 0.288359 -0.957522 
3.000000 10.000000 0.241087 -0.970503 
3.000000 11.000000 0.193851 -0.981031 
3.000000 12.000000 0.145822 -0.989311 
3.000000 13.000000 0.096645 -0.995319 
3.000000 14.000000 0.046362 -0.998925 
3.000000 15.000000 -0.004704 -0.999989 
3.000000 16.000000 -0.056083 -0.998426 
3.000000 17.000000 -0.107336 -0.994223 
3.000000 18.000000 -0.158225 -0.987403 
3.000000 19.000000 -0.208871 -0.977943 
3.000000 20.000000 -0.259879 -0.965641 
3.000000 21.000000 -0.312459 -0.949931 
3.000000 22.000000 -0.368564 -0.929603 
3.000000 23.000000 -0.431070 -0.902318 
3.000000 24.000000 -0.503970 -0.863721 
3.000000 25.000000 -0.592292 -0.805723 
3.000000 26.000000 -0.700674 -0.713482 
3.000000 27.000000 -0.827134 -0.562005 
3.000000 28.000000 -0.946706 -0.322098 
3.000000 29.000000 -1.000000 -0.000000 
4.000000 0.000000 1.000000 -0.000000 
4.000000 1.000000 0.969216 -0.246213 
4.000000 2.000000 0.892364 -0.451317 
4.000000 3.000000 0.798446 -0.602066 
4.000000 4.000000 0.707107 -0.707107 
4.000000 5.000000 0.625387 -0.780315 
4.000000 6.000000 0.553377 -0.832931 
4.000000 7.000000 0.488689 -0.872458 
4.000000 8.000000 0.428515 -0.903535 
4.000000 9.000000 0.370364 -0.928887 
4.000000 10.000000 0.312275 -0.949992 
4.000000 11.000000 0.252863 -0.967502 
4.000000 12.000000 0.191332 -0.981525 
4.000000 13.000000 0.127456 -0.991844 
4.000000 14.000000 0.061544 -0.998104 
4.000000 15.000000 -0.005678 -0.999984 
4.000000 16.000000 -0.073256 -0.997313 
4.000000 17.000000 -0.140263 -0.990114 
4.000000 18.000000 -0.206052 -0.978541 
4.000000 19.000000 -0.270461 -0.962731 
4.000000 20.000000 -0.333929 -0.942598 
4.000000 21.000000 -0.397554 -0.917579 
4.000000 22.000000 -0.463097 -0.886308 
4.000000 23.000000 -0.532930 -0.846159 
4.000000 24.000000 -0.609797 -0.792558 
4.000000 25.000000 -0.696044 -0.717999 
4.000000 26.000000 -0.791504 -0.611164 
4.000000 27.000000 -0.888937 -0.458029 
4.000000 28.000000 -0.968288 -0.249837 
4.000000 29.000000 -1.000000 -0.000000 
5.000000 0.000000 1.000000 -0.000000 
5.000000 1.000000 0.979885 -0.199562 
5.000000 2.000000 0.926733 -0.375720 
5.000000 3.000000 0.855832 -0.517254 
5.000000 4.000000 0.780315 -0.625387 
5.000000 5.000000 0.707107 -0.707107 
5.000000 6.000000 0.638145 -0.769916 
5.000000 7.000000 0.572692 -0.819771 
5.000000 8.000000 0.508953 -0.860795 
5.000000 9.000000 0.444931 -0.895565 
5.000000 10.000000 0.378852 -0.925457 
5.000000 11.000000 0.309388 -0.950936 
5.000000 12.000000 0.235810 -0.971799 
5.000000 13.000000 0.158094 -0.987424 
5.000000 14.000000 0.076953 -0.997035 
5.000000 15.000000 -0.006269 -0.999980 
5.000000 16.000000 -0.089855 -0.995955 
5.000000 17.000000 -0.172112 -0.985077 
5.000000 18.000000 -0.251757 -0.967791 
5.000000 19.000000 -0.328184 -0.944614 
5.000000 20.000000 -0.401569 -0.915829 
5.000000 21.000000 -0.472827 -0.881155 
5.000000 22.000000 -0.543468 -0.839430 
5.000000 23.000000 -0.615343 -0.788260 
5.000000 24.000000 -0.690178 -0.723639 
5.000000 25.000000 -0.768664 -0.639653 
5.000000 26.000000 -0.848770 -0.528762 
5.000000 27.000000 -0.923373 -0.383904 
5.000000 28.000000 -0.979003 -0.203848 
5.000000 29.000000 -1.000000 -0.000000 
6.000000 0.000000 1.000000 -0.000000 
6.000000 1.000000 0.986030 -0.166565 
6.000000 2.000000 0.947858 -0.318693 
6.000000 3.000000 0.894027 -0.448013 
6.000000 4.000000 0.832931 -0.553377 
6.000000 5.000000 0.769916 -0.638145 
6.000000 6.000000 0.707107 -0.707107 
6.000000 7.000000 0.644411 -0.764679 
6.000000 8.000000 0.580551 -0.814224 
6.000000 9.000000 0.513781 -0.857921 
6.000000 10.000000 0.442354 -0.896840 
6.000000 11.000000 0.364865 -0.931060 
6.000000 12.000000 0.280553 -0.959839 
6.000000 13.000000 0.189570 -0.981867 
6.000000 14.000000 0.093144 -0.995653 
6.000000 15.000000 -0.006490 -0.999979 
6.000000 16.000000 -0.106471 -0.994316 
6.000000 17.000000 -0.203951 -0.978981 
6.000000 18.000000 -0.296733 -0.954960 
6.000000 19.000000 -0.383654 -0.923477 
6.000000 20.000000 -0.464646 -0.885497 
6.000000 21.000000 -0.540554 -0.841309 
6.000000 22.000000 -0.612817 -0.790225 
6.000000 23.000000 -0.683049 -0.730373 
6.000000 24.000000 -0.752498 -0.658594 
6.000000 25.000000 -0.821250 -0.570568 
6.000000 26.000000 -0.887131 -0.461518 
6.000000 27.000000 -0.944655 -0.328064 
6.000000 28.000000 -0.985204 -0.171384 
6.000000 29.000000 -1.000000 -0.000000 
7.000000 0.000000 1.000000 -0.000000 
7.000000 1.000000 0.989992 -0.141122 
7.000000 2.000000 0.962044 -0.272893 
7.000000 3.000000 0.921113 -0.389294 
7.000000 4.000000 0.872458 -0.488689 
7.000000 5.000000 0.819771 -0.572692 
7.000000 6.000000 0.764679 -0.644411 
7.000000 7.000000 0.707107 -0.707107 
7.000000 8.000000 0.645850 -0.763464 
7.000000 9.000000 0.579097 -0.815259 
7.000000 10.000000 0.504847 -0.863209 
7.000000 11.000000 0.421327 -0.906909 
7.000000 12.000000 0.327465 -0.944863 
7.000000 13.000000 0.223412 -0.974724 
7.000000 14.000000 0.110967 -0.993824 
7.000000 15.000000 -0.006384 -0.999980 
7.000000 16.000000 -0.124045 -0.992277 
7.000000 17.000000 -0.237424 -0.971406 
7.000000 18.000000 -0.343046 -0.939319 
7.000000 19.000000 -0.439136 -0.898420 
7.000000 20.000000 -0.525578 -0.850746 
7.000000 21.000000 -0.603457 -0.797395 
7.000000 22.000000 -0.674493 -0.738281 
7.000000 23.000000 -0.740466 -0.672094 
7.000000 24.000000 -0.802658 -0.596439 
7.000000 25.000000 -0.861242 -0.508196 
7.000000 26.000000 -0.914629 -0.404294 
7.000000 27.000000 -0.959086 -0.283114 
7.000000 28.000000 -0.989239 -0.146312 
7.000000 29.000000 -1.000000 -0.000000 
8.000000 0.000000 1.000000 -0.000000 
8.000000 1.000000 0.992778 -0.119967 
8.000000 2.000000 0.972301 -0.233732 
8.000000 3.000000 0.941481 -0.337065 
8.000000 4.000000 0.903535 -0.428515 
8.000000 5.000000 0.860795 -0.508953 
8.000000 6.000000 0.814224 -0.580551 
8.000000 7.000000 0.763464 -0.645850 
8.000000 8.000000 0.707107 -0.707107 
8.000000 9.000000 0.643000 -0.765867 
8.000000 10.000000 0.568564 -0.822639 
8.000000 11.000000 0.481223 -0.876598 
8.000000 12.000000 0.379069 -0.925369 
8.000000 13.000000 0.261800 -0.965122 
8.000000 14.000000 0.131694 -0.991290 
8.000000 15.000000 -0.006005 -0.999982 
8.000000 16.000000 -0.143968 -0.989582 
8.000000 17.000000 -0.274848 -0.961488 
8.000000 18.000000 -0.393388 -0.919373 
8.000000 19.000000 -0.497308 -0.867574 
8.000000 20.000000 -0.586912 -0.809650 
8.000000 21.000000 -0.664092 -0.747650 
8.000000 22.000000 -0.731337 -0.682016 
8.000000 23.000000 -0.790998 -0.611818 
8.000000 24.000000 -0.844766 -0.535137 
8.000000 25.000000 -0.893246 -0.449569 
8.000000 26.000000 -0.935639 -0.352959 
8.000000 27.000000 -0.969673 -0.244405 
8.000000 28.000000 -0.992114 -0.125335 
8.000000 29.000000 -1.000000 -0.000000 
9.000000 0.000000 1.000000 -0.000000 
9.000000 1.000000 0.994865 -0.101208 
9.000000 2.000000 0.980143 -0.198290 
9.000000 3.000000 0.957522 -0.288359 
9.000000 4.000000 0.928887 -0.370364 
9.000000 5.000000 0.895565 -0.444931 
9.000000 6.000000 0.857921 -0.513781 
9.000000 7.000000 0.815259 -0.579097 
9.000000 8.000000 0.765867 -0.643000 
9.000000 9.000000 0.707107 -0.707107 
9.000000 10.000000 0.635540 -0.772068 
9.000000 11.000000 0.547242 -0.836974 
9.000000 12.000000 0.438601 -0.898682 
9.000000 13.000000 0.307869 -0.951429 
9.000000 14.000000 0.157299 -0.987551 
9.000000 15.000000 -0.005410 -0.999985 
9.000000 16.000000 -0.168333 -0.985730 
9.000000 17.000000 -0.319494 -0.947588 
9.000000 18.000000 -0.451154 -0.892446 
9.000000 19.000000 -0.561053 -0.827780 
9.000000 20.000000 -0.650942 -0.759128 
9.000000 21.000000 -0.724413 -0.689366 
9.000000 22.000000 -0.785306 -0.619107 
9.000000 23.000000 -0.836869 -0.547404 
9.000000 24.000000 -0.881375 -0.472418 
9.000000 25.000000 -0.919955 -0.392024 
9.000000 26.000000 -0.952530 -0.304444 
9.000000 27.000000 -0.977925 -0.208958 
9.000000 28.000000 -0.994309 -0.106531 
9.000000 29.000000 -1.000000 -0.000000 
10.000000 0.000000 1.000000 -0.000000 
10.000000 1.000000 0.996492 -0.083690 
10.000000 2.000000 0.986347 -0.164682 
10.000000 3.000000 0.970503 -0.241087 
10.000000 4.000000 0.949992 -0.312275 
10.000000 5.000000 0.925457 -0.378852 
10.000000 6.000000 0.896840 -0.442354 
10.000000 7.000000 0.863209 -0.504847 
10.000000 8.000000 0.822639 -0.568564 
10.000000 9.000000 0.772068 -0.635540 
10.000000 10.000000 0.707107 -0.707107 
10.000000 11.000000 0.621985 -0.783029 
10.000000 12.000000 0.510131 -0.860097 
10.000000 13.000000 0.366321 -0.930488 
10.000000 14.000000 0.191084 -0.981574 
10.000000 15.000000 -0.004648 -0.999989 
10.000000 16.000000 -0.200556 -0.979682 
10.000000 17.000000 -0.376182 -0.926546 
10.000000 18.000000 -0.520542 -0.853836 
10.000000 19.000000 -0.633135 -0.774041 
10.000000 20.000000 -0.719213 -0.694789 
10.000000 21.000000 -0.785343 -0.619061 
10.000000 22.000000 -0.837227 -0.546856 
10.000000 23.000000 -0.879106 -0.476627 
10.000000 24.000000 -0.913780 -0.406210 
10.000000 25.000000 -0.942776 -0.333425 
10.000000 26.000000 -0.966528 -0.256563 
10.000000 27.000000 -0.984598 -0.174835 
10.000000 28.000000 -0.996056 -0.088723 
10.000000 29.000000 -1.000000 -0.000000 
11.000000 0.000000 1.000000 -0.000000 
11.000000 1.000000 0.997773 -0.066702 
11.000000 2.000000 0.991289 -0.131704 
11.000000 3.000000 0.981031 -0.193851 
11.000000 4.000000 0.967502 -0.252863 
11.000000 5.000000 0.950936 -0.309388 
11.000000 6.000000 0.931060 -0.364865 
11.000000 7.000000 0.906909 -0.421327 
11.000000 8.000000 0.876598 -0.481223 
11.000000 9.000000 0.836974 -0.547242 
11.000000 10.000000 0.783029 -0.621985 
11.000000 11.000000 0.707107 -0.707107 
11.000000 12.000000 0.598380 -0.801212 
11.000000 13.000000 0.444476 -0.895791 
11.000000 14.000000 0.239142 -0.970985 
11.000000 15.000000 -0.003761 -0.999993 
11.000000 16.000000 -0.246836 -0.969057 
11.000000 17.000000 -0.452328 -0.891852 
11.000000 18.000000 -0.606379 -0.795176 
11.000000 19.000000 -0.715358 -0.698758 
11.000000 20.000000 -0.791702 -0.610907 
11.000000 21.000000 -0.846237 -0.532806 
11.000000 22.000000 -0.886563 -0.462608 
11.000000 23.000000 -0.917576 -0.397560 
11.000000 24.000000 -0.942254 -0.334899 
11.000000 25.000000 -0.962228 -0.272245 
11.000000 26.000000 -0.978161 -0.207847 
11.000000 27.000000 -0.990038 -0.140801 
11.000000 28.000000 -0.997463 -0.071186 
11.000000 29.000000 -1.000000 -0.000000 
12.000000 0.000000 1.000000 -0.000000 
12.000000 1.000000 0.998758 -0.049817 
12.000000 2.000000 0.995123 -0.098637 
12.000000 3.000000 0.989311 -0.145822 
12.000000 4.000000 0.981525 -0.191332 
12.000000 5.000000 0.971799 -0.235810 
12.000000 6.000000 0.959839 -0.280553 
12.000000 7.000000 0.944863 -0.327465 
12.000000 8.000000 0.925369 -0.379069 
12.000000 9.000000 0.898682 -0.438601 
12.000000 10.000000 0.860097 -0.510131 
12.000000 11.000000 0.801212 -0.598380 
12.000000 12.000000 0.707107 -0.707107 
12.000000 13.000000 0.553597 -0.832785 
12.000000 14.000000 0.314154 -0.949372 
12.000000 15.000000 -0.002782 -0.999996 
12.000000 16.000000 -0.319952 -0.947434 
12.000000 17.000000 -0.559255 -0.828996 
12.000000 18.000000 -0.712519 -0.701653 
12.000000 19.000000 -0.806510 -0.591220 
12.000000 20.000000 -0.865459 -0.500980 
12.000000 21.000000 -0.904257 -0.426988 
12.000000 22.000000 -0.931249 -0.364384 
12.000000 23.000000 -0.951062 -0.309001 
12.000000 24.000000 -0.966261 -0.257566 
12.000000 25.000000 -0.978210 -0.207618 
12.000000 26.000000 -0.987526 -0.157456 
12.000000 27.000000 -0.994351 -0.106144 
12.000000 28.000000 -0.998568 -0.053501 
12.000000 29.000000 -1.000000 -0.000000 
13.000000 0.000000 1.000000 -0.000000 
13.000000 1.000000 0.999461 -0.032816 
13.000000 2.000000 0.997877 -0.065127 
13.000000 3.000000 0.995319 -0.096645 
13.000000 4.000000 0.991844 -0.127456 
13.000000 5.000000 0.987424 -0.158094 
13.000000 6.000000 0.981867 -0.189570 
13.000000 7.000000 0.974724 -0.223412 
13.000000 8.000000 0.965122 -0.261800 
13.000000 9.000000 0.951429 -0.307869 
13.000000 10.000000 0.930488 -0.366321 
13.000000 11.000000 0.895791 -0.444476 
13.000000 12.000000 0.832785 -0.553597 
13.000000 13.000000 0.707107 -0.707107 
13.000000 14.000000 0.446243 -0.894912 
13.000000 15.000000 -0.001771 -0.999998 
13.000000 16.000000 -0.450092 -0.892982 
13.000000 17.000000 -0.710414 -0.703784 
13.000000 18.000000 -0.835622 -0.549305 
13.000000 19.000000 -0.898393 -0.439192 
13.000000 20.000000 -0.933024 -0.359814 
13.000000 21.000000 -0.954001 -0.299802 
13.000000 22.000000 -0.967789 -0.251764 
13.000000 23.000000 -0.977498 -0.210947 
13.000000 24.000000 -0.984710 -0.174200 
13.000000 25.000000 -0.990238 -0.139389 
13.000000 26.000000 -0.994461 -0.105110 
13.000000 27.000000 -0.997507 -0.070562 
13.000000 28.000000 -0.999371 -0.035476 
13.000000 29.000000 -1.000000 -0.000000 
14.000000 0.000000 1.000000 -0.000000 
14.000000 1.000000 0.999878 -0.015618 
14.000000 2.000000 0.999517 -0.031089 
14.000000 3.000000 0.998925 -0.046362 
14.000000 4.000000 0.998104 -0.061544 
14.000000 5.000000 0.997035 -0.076953 
14.000000 6.000000 0.995653 -0.093144 
14.000000 7.000000 0.993824 -0.110967 
14.000000 8.000000 0.991290 -0.131694 
14.000000 9.000000 0.987551 -0.157299 
14.000000 10.000000 0.981574 -0.191084 
14.000000 11.000000 0.970985 -0.239142 
14.000000 12.000000 0.949372 -0.314154 
14.000000 13.000000 0.894912 -0.446243 
14.000000 14.000000 0.707107 -0.707107 
14.000000 15.000000 -0.000883 -1.000000 
14.000000 16.000000 -0.708808 -0.705401 
14.000000 17.000000 -0.895940 -0.444174 
14.000000 18.000000 -0.950143 -0.311816 
14.000000 19.000000 -0.971653 -0.236411 
14.000000 20.000000 -0.982204 -0.187815 
14.000000 21.000000 -0.988176 -0.153326 
14.000000 22.000000 -0.991925 -0.126827 
14.000000 23.000000 -0.994473 -0.104993 
14.000000 24.000000 -0.996309 -0.085843 
14.000000 25.000000 -0.997677 -0.068122 
14.000000 26.000000 -0.998697 -0.051028 
14.000000 27.000000 -0.999419 -0.034088 
14.000000 28.000000 -0.999854 -0.017086 
14.000000 29.000000 -1.000000 -0.000000 
15.000000 0.000000 1.000000 -0.000000 
15.000000 1.000000 0.999998 0.001763 
15.000000 2.000000 0.999994 0.003373 
15.000000 3.000000 0.999989 0.004704 
15.000000 4.000000 0.999984 0.005678 
15.000000 5.000000 0.999980 0.006269 
15.000000 6.000000 0.999979 0.006490 
15.000000 7.000000 0.999980 0.006384 
15.000000 8.000000 0.999982 0.006005 
15.000000 9.000000 0.999985 0.005410 
15.000000 10.000000 0.999989 0.004648 
15.000000 11.000000 0.999993 0.003761 
15.000000 12.000000 0.999996 0.002782 
15.000000 13.000000 0.999998 0.001771 
15.000000 14.000000 1.000000 0.000883 
15.000000 16.000000 -1.000000 0.000875 
15.000000 17.000000 -0.999998 0.001739 
15.000000 18.000000 -0.999996 0.002703 
15.000000 19.000000 -0.999993 0.003610 
15.000000 20.000000 -0.999990 0.004397 
15.000000 21.000000 -0.999987 0.005025 
15.000000 22.000000 -0.999985 0.005449 
15.000000 23.000000 -0.999984 0.005621 
15.000000 24.000000 -0.999985 0.005488 
15.000000 25.000000 -0.999987 0.005011 
15.000000 26.000000 -0.999991 0.004176 
15.000000 27.000000 -0.999995 0.003006 
15.000000 28.000000 -0.999999 0.001575 
15.000000 29.000000 -1.000000 -0.000000 
16.000000 0.000000 1.000000 -0.000000 
16.000000 1.000000 0.999814 0.019271 
16.000000 2.000000 0.999275 0.038071 
16.000000 3.000000 0.998426 0.056083 
16.000000 4.000000 0.997313 0.073256 
16.000000 5.000000 0.995955 0.089855 
16.000000 6.000000 0.994316 0.106471 
16.000000 7.000000 0.992277 0.124045 
16.000000 8.000000 0.989582 0.143968 
16.000000 9.000000 0.985730 0.168333 
16.000000 10.000000 0.979682 0.200556 
16.000000 11.000000 0.969057 0.246836 
16.000000 12.000000 0.947434 0.319952 
16.000000 13.000000 0.892982 0.450092 
16.000000 14.000000 0.705401 0.708808 
16.000000 15.000000 -0.000875 1.000000 
16.000000 16.000000 -0.707107 0.707107 
16.000000 17.000000 -0.894046 0.447976 
16.000000 18.000000 -0.948267 0.317474 
16.000000 19.000000 -0.969819 0.243825 
16.000000 20.000000 -0.980442 0.196808 
16.000000 21.000000 -0.986524 0.163614 
16.000000 22.000000 -0.990431 0.138010 
16.000000 23.000000 -0.993184 0.116557 
16.000000 24.000000 -0.995269 0.097162 
16.000000 25.000000 -0.996915 0.078483 
16.000000 26.000000 -0.998218 0.059680 
16.000000 27.000000 -0.999187 0.040328 
16.000000 28.000000 -0.999793 0.020359 
16.000000 29.000000 -1.000000 -0.000000 
17.000000 0.000000 1.000000 -0.000000 
17.000000 1.000000 0.999320 0.036865 
17.000000 2.000000 0.997344 0.072840 
17.000000 3.000000 0.994223 0.107336 
17.000000 4.000000 0.990114 0.140263 
17.000000 5.000000 0.985077 0.172112 
17.000000 6.000000 0.978981 0.203951 
17.000000 7.000000 0.971406 0.237424 
17.000000 8.000000 0.961488 0.274848 
17.000000 9.000000 0.947588 0.319494 
17.000000 10.000000 0.926546 0.376182 
17.000000 11.000000 0.891852 0.452328 
17.000000 12.000000 0.828996 0.559255 
17.000000 13.000000 0.703784 0.710414 
17.000000 14.000000 0.444174 0.895940 
17.000000 15.000000 -0.001739 0.999998 
17.000000 16.000000 -0.447976 0.894046 
17.000000 17.000000 -0.707107 0.707107 
17.000000 18.000000 -0.831918 0.554899 
17.000000 19.000000 -0.894612 0.446844 
17.000000 20.000000 -0.929319 0.369278 
17.000000 21.000000 -0.950488 0.310761 
17.000000 22.000000 -0.964580 0.263790 
17.000000 23.000000 -0.974707 0.223487 
17.000000 24.000000 -0.982442 0.186570 
17.000000 25.000000 -0.988566 0.150791 
17.000000 26.000000 -0.993401 0.114691 
17.000000 27.000000 -0.996992 0.077507 
17.000000 28.000000 -0.999234 0.039131 
17.000000 29.000000 -1.000000 -0.000000 
18.000000 0.000000 1.000000 -0.000000 
18.000000 1.000000 0.998510 0.054575 
18.000000 2.000000 0.994188 0.107655 
18.000000 3.000000 0.987403 0.158225 
18.000000 4.000000 0.978541 0.206052 
18.000000 5.000000 0.967791 0.251757 
18.000000 6.000000 0.954960 0.296733 
18.000000 7.000000 0.939319 0.343046 
18.000000 8.000000 0.919373 0.393388 
18.000000 9.000000 0.892446 0.451154 
18.000000 10.000000 0.853836 0.520542 
18.000000 11.000000 0.795176 0.606379 
18.000000 12.000000 0.701653 0.712519 
18.000000 13.000000 0.549305 0.835622 
18.000000 14.000000 0.311816 0.950143 
18.000000 15.000000 -0.002703 0.999996 
18.000000 16.000000 -0.317474 0.948267 
18.000000 17.000000 -0.554899 0.831918 
18.000000 18.000000 -0.707107 0.707107 
18.000000 19.000000 -0.800637 0.599149 
18.000000 20.000000 -0.859499 0.511138 
18.000000 21.000000 -0.898477 0.439020 
18.000000 22.000000 -0.925882 0.377812 
18.000000 23.000000 -0.946330 0.323201 
18.000000 24.000000 -0.962368 0.271750 
18.000000 25.000000 -0.975309 0.220843 
18.000000 26.000000 -0.985670 0.168683 
18.000000 27.000000 -0.993441 0.114348 
18.000000 28.000000 -0.998326 0.057842 
18.000000 29.000000 -1.000000 -0.000000 
19.000000 0.000000 1.000000 -0.000000 
19.000000 1.000000 0.997364 0.072564 
19.000000 2.000000 0.989760 0.142739 
19.000000 3.000000 0.977943 0.208871 
19.000000 4.000000 0.962731 0.270461 
19.000000 5.000000 0.944614 0.328184 
19.000000 6.000000 0.923477 0.383654 
19.000000 7.000000 0.898420 0.439136 
19.000000 8.000000 0.867574 0.497308 
19.000000 9.000000 0.827780 0.561053 
19.000000 10.000000 0.774041 0.633135 
19.000000 11.000000 0.698758 0.715358 
19.000000 12.000000 0.591220 0.806510 
19.000000 13.000000 0.439192 0.898393 
19.000000 14.000000 0.236411 0.971653 
19.000000 15.000000 -0.003610 0.999993 
19.000000 16.000000 -0.243825 0.969819 
19.000000 17.000000 -0.446844 0.894612 
19.000000 18.000000 -0.599149 0.800637 
19.000000 19.000000 -0.707107 0.707107 
19.000000 20.000000 -0.783013 0.622006 
19.000000 21.000000 -0.837578 0.546317 
19.000000 22.000000 -0.878350 0.478018 
19.000000 23.000000 -0.910203 0.414163 
19.000000 24.000000 -0.936088 0.351765 
19.000000 25.000000 -0.957565 0.288218 
19.000000 26.000000 -0.975139 0.221595 
19.000000 27.000000 -0.988540 0.150960 
19.000000 28.000000 -0.997062 0.076601 
19.000000 29.000000 -1.000000 -0.000000 
20.000000 0.000000 1.000000 -0.000000 
20.000000 1.000000 0.995833 0.091197 
20.000000 2.000000 0.983907 0.178681 
20.000000 3.000000 0.965641 0.259879 
20.000000 4.000000 0.942598 0.333929 
20.000000 5.000000 0.915829 0.401569 
20.000000 6.000000 0.885497 0.464646 
20.000000 7.000000 0.850746 0.525578 
20.000000 8.000000 0.809650 0.586912 
20.000000 9.000000 0.759128 0.650942 
20.000000 10.000000 0.694789 0.719213 
20.000000 11.000000 0.610907 0.791702 
20.000000 12.000000 0.500980 0.865459 
20.000000 13.000000 0.359814 0.933024 
20.000000 14.000000 0.187815 0.982204 
20.000000 15.000000 -0.004397 0.999990 
20.000000 16.000000 -0.196808 0.980442 
20.000000 17.000000 -0.369278 0.929319 
20.000000 18.000000 -0.511138 0.859499 
20.000000 19.000000 -0.622006 0.783013 
20.000000 20.000000 -0.707107 0.707107 
20.000000 21.000000 -0.772943 0.634475 
20.000000 22.000000 -0.825184 0.564864 
20.000000 23.000000 -0.868061 0.496457 
20.000000 24.000000 -0.904358 0.426774 
20.000000 25.000000 -0.935517 0.353283 
20.000000 26.000000 -0.961742 0.273957 
20.000000 27.000000 -0.982193 0.187877 
20.000000 28.000000 -0.995406 0.095743 
20.000000 29.000000 -1.000000 -0.000000 
21.000000 0.000000 1.000000 -0.000000 
21.000000 1.000000 0.993806 0.111131 
21.000000 2.000000 0.976267 0.216569 
21.000000 3.000000 0.949931 0.312459 
21.000000 4.000000 0.917579 0.397554 
21.000000 5.000000 0.881155 0.472827 
21.000000 6.000000 0.841309 0.540554 
21.000000 7.000000 0.797395 0.603457 
21.000000 8.000000 0.747650 0.664092 
21.000000 9.000000 0.689366 0.724413 
21.000000 10.000000 0.619061 0.785343 
21.000000 11.000000 0.532806 0.846237 
21.000000 12.000000 0.426988 0.904257 
21.000000 13.000000 0.299802 0.954001 
21.000000 14.000000 0.153326 0.988176 
21.000000 15.000000 -0.005025 0.999987 
21.000000 16.000000 -0.163614 0.986524 
21.000000 17.000000 -0.310761 0.950488 
21.000000 18.000000 -0.439020 0.898477 
21.000000 19.000000 -0.546317 0.837578 
21.000000 20.000000 -0.634475 0.772943 
21.000000 21.000000 -0.707107 0.707107 
21.000000 22.000000 -0.768079 0.640355 
21.000000 23.000000 -0.820689 0.571376 
21.000000 24.000000 -0.867245 0.497882 
21.000000 25.000000 -0.908815 0.417200 
21.000000 26.000000 -0.945027 0.326993 
21.000000 27.000000 -0.974085 0.226183 
21.000000 28.000000 -0.993258 0.115921 
21.000000 29.000000 -1.000000 -0.000000 
22.000000 0.000000 1.000000 -0.000000 
22.000000 1.000000 0.991052 0.133479 
22.000000 2.000000 0.966090 0.258204 
22.000000 3.000000 0.929603 0.368564 
22.000000 4.000000 0.886308 0.463097 
22.000000 5.000000 0.839430 0.543468 
22.000000 6.000000 0.790225 0.612817 
22.000000 7.000000 0.738281 0.674493 
22.000000 8.000000 0.682016 0.731337 
22.000000 9.000000 0.619107 0.785306 
22.000000 10.000000 0.546856 0.837227 
22.000000 11.000000 0.462608 0.886563 
22.000000 12.000000 0.364384 0.931249 
22.000000 13.000000 0.251764 0.967789 
22.000000 14.000000 0.126827 0.991925 
22.000000 15.000000 -0.005449 0.999985 
22.000000 16.000000 -0.138010 0.990431 
22.000000 17.000000 -0.263790 0.964580 
22.000000 18.000000 -0.377812 0.925882 
22.000000 19.000000 -0.478018 0.878350 
22.000000 20.000000 -0.564864 0.825184 
22.000000 21.000000 -0.640355 0.768079 
22.000000 22.000000 -0.707107 0.707107 
22.000000 23.000000 -0.767636 0.640886 
22.000000 24.000000 -0.823795 0.566887 
22.000000 25.000000 -0.876238 0.481879 
22.000000 26.000000 -0.923863 0.382724 
22.000000 27.000000 -0.963499 0.267711 
22.000000 28.000000 -0.990396 0.138261 
22.000000 29.000000 -1.000000 -0.000000 
23.000000 0.000000 1.000000 -0.000000 
23.000000 1.000000 0.987101 0.160101 
23.000000 2.000000 0.951888 0.306447 
23.000000 3.000000 0.902318 0.431070 
23.000000 4.000000 0.846159 0.532930 
23.000000 5.000000 0.788260 0.615343 
23.000000 6.000000 0.730373 0.683049 
23.000000 7.000000 0.672094 0.740466 
23.000000 8.000000 0.611818 0.790998 
23.000000 9.000000 0.547404 0.836869 
23.000000 10.000000 0.476627 0.879106 
23.000000 11.000000 0.397560 0.917576 
23.000000 12.000000 0.309001 0.951062 
23.000000 13.000000 0.210947 0.977498 
23.000000 14.000000 0.104993 0.994473 
23.000000 15.000000 -0.005621 0.999984 
23.000000 16.000000 -0.116557 0.993184 
23.000000 17.000000 -0.223487 0.974707 
23.000000 18.000000 -0.323201 0.946330 
23.000000 19.000000 -0.414163 0.910203 
23.000000 20.000000 -0.496457 0.868061 
23.000000 21.000000 -0.571376 0.820689 
23.000000 22.000000 -0.640886 0.767636 
23.000000 23.000000 -0.707107 0.707107 
23.000000 24.000000 -0.771728 0.635953 
23.000000 25.000000 -0.835251 0.549869 
23.000000 26.000000 -0.895964 0.444127 
23.000000 27.000000 -0.948967 0.315375 
23.000000 28.000000 -0.986352 0.164650 
23.000000 29.000000 -1.000000 -0.000000 
24.000000 0.000000 1.000000 -0.000000 
24.000000 1.000000 0.980953 0.194244 
24.000000 2.000000 0.930672 0.365854 
24.000000 3.000000 0.863721 0.503970 
24.000000 4.000000 0.792558 0.609797 
24.000000 5.000000 0.723639 0.690178 
24.000000 6.000000 0.658594 0.752498 
24.000000 7.000000 0.596439 0.802658 
24.000000 8.000000 0.535137 0.844766 
24.000000 9.000000 0.472418 0.881375 
24.000000 10.000000 0.406210 0.913780 
24.000000 11.000000 0.334899 0.942254 
24.000000 12.000000 0.257566 0.966261 
24.000000 13.000000 0.174200 0.984710 
24.000000 14.000000 0.085843 0.996309 
24.000000 15.000000 -0.005488 0.999985 
24.000000 16.000000 -0.097162 0.995269 
24.000000 17.000000 -0.186570 0.982442 
24.000000 18.000000 -0.271750 0.962368 
24.000000 19.000000 -0.351765 0.936088 
24.000000 20.000000 -0.426774 0.904358 
24.000000 21.000000 -0.497882 0.867245 
24.000000 22.000000 -0.566887 0.823795 
24.000000 23.000000 -0.635953 0.771728 
24.000000 24.000000 -0.707107 0.707107 
24.000000 25.000000 -0.781345 0.624099 
24.000000 26.000000 -0.857011 0.515298 
24.000000 27.000000 -0.927511 0.373795 
24.000000 28.000000 -0.980128 0.198364 
24.000000 29.000000 -1.000000 -0.000000 
25.000000 0.000000 1.000000 -0.000000 
25.000000 1.000000 0.970277 0.241997 
25.000000 2.000000 0.896144 0.443763 
25.000000 3.000000 0.805723 0.592292 
25.000000 4.000000 0.717999 0.696044 
25.000000 5.000000 0.639653 0.768664 
25.000000 6.000000 0.570568 0.821250 
25.000000 7.000000 0.508196 0.861242 
25.000000 8.000000 0.449569 0.893246 
25.000000 9.000000 0.392024 0.919955 
25.000000 10.000000 0.333425 0.942776 
25.000000 11.000000 0.272245 0.962228 
25.000000 12.000000 0.207618 0.978210 
25.000000 13.000000 0.139389 0.990238 
25.000000 14.000000 0.068122 0.997677 
25.000000 15.000000 -0.005011 0.999987 
25.000000 16.000000 -0.078483 0.996915 
25.000000 17.000000 -0.150791 0.988566 
25.000000 18.000000 -0.220843 0.975309 
25.000000 19.000000 -0.288218 0.957565 
25.000000 20.000000 -0.353283 0.935517 
25.000000 21.000000 -0.417200 0.908815 
25.000000 22.000000 -0.481879 0.876238 
25.000000 23.000000 -0.549869 0.835251 
25.000000 24.000000 -0.624099 0.781345 
25.000000 25.000000 -0.707107 0.707107 
25.000000 26.000000 -0.798968 0.601373 
25.000000 27.000000 -0.892843 0.450368 
25.000000 28.000000 -0.969389 0.245529 
25.000000 29.000000 -1.000000 -0.000000 
26.000000 0.000000 1.000000 -0.000000 
26.000000 1.000000 0.948733 0.316078 
26.000000 2.000000 0.834032 0.551717 
26.000000 3.000000 0.713482 0.700674 
26.000000 4.000000 0.611164 0.791504 
26.000000 5.000000 0.528762 0.848770 
26.000000 6.000000 0.461518 0.887131 
26.000000 7.000000 0.404294 0.914629 
26.000000 8.000000 0.352959 0.935639 
26.000000 9.000000 0.304444 0.952530 
26.000000 10.000000 0.256563 0.966528 
26.000000 11.000000 0.207847 0.978161 
26.000000 12.000000 0.157456 0.987526 
26.000000 13.000000 0.105110 0.994461 
26.000000 14.000000 0.051028 0.998697 
26.000000 15.000000 -0.004176 0.999991 
26.000000 16.000000 -0.059680 0.998218 
26.000000 17.000000 -0.114691 0.993401 
26.000000 18.000000 -0.168683 0.985670 
26.000000 19.000000 -0.221595 0.975139 
26.000000 20.000000 -0.273957 0.961742 
26.000000 21.000000 -0.326993 0.945027 
26.000000 22.000000 -0.382724 0.923863 
26.000000 23.000000 -0.444127 0.895964 
26.000000 24.000000 -0.515298 0.857011 
26.000000 25.000000 -0.601373 0.798968 
26.000000 26.000000 -0.707107 0.707107 
26.000000 27.000000 -0.830723 0.556686 
26.000000 28.000000 -0.947789 0.318898 
26.000000 29.000000 -1.000000 -0.000000 
27.000000 0.000000 1.000000 -0.000000 
27.000000 1.000000 0.894686 0.446696 
27.000000 2.000000 0.710166 0.704035 
27.000000 3.000000 0.562005 0.827134 
27.000000 4.000000 0.458029 0.888937 
27.000000 5.000000 0.383904 0.923373 
27.000000 6.000000 0.328064 0.944655 
27.000000 7.000000 0.283114 0.959086 
27.000000 8.000000 0.244405 0.969673 
27.000000 9.000000 0.208958 0.977925 
27.000000 10.000000 0.174835 0.984598 
27.000000 11.000000 0.140801 0.990038 
27.000000 12.000000 0.106144 0.994351 
27.000000 13.000000 0.070562 0.997507 
27.000000 14.000000 0.034088 0.999419 
27.000000 15.000000 -0.003006 0.999995 
27.000000 16.000000 -0.040328 0.999187 
27.000000 17.000000 -0.077507 0.996992 
27.000000 18.000000 -0.114348 0.993441 
27.000000 19.000000 -0.150960 0.988540 
27.000000 20.000000 -0.187877 0.982193 
27.000000 21.000000 -0.226183 0.974085 
27.000000 22.000000 -0.267711 0.963499 
27.000000 23.000000 -0.315375 0.948967 
27.000000 24.000000 -0.373795 0.927511 
27.000000 25.000000 -0.450368 0.892843 
27.000000 26.000000 -0.556686 0.830723 
27.000000 27.000000 -0.707107 0.707107 
27.000000 28.000000 -0.893680 0.448704 
27.000000 29.000000 -1.000000 -0.000000 
28.000000 0.000000 1.000000 -0.000000 
28.000000 1.000000 0.708134 0.706078 
28.000000 2.000000 0.450845 0.892602 
28.000000 3.000000 0.322098 0.946706 
28.000000 4.000000 0.249837 0.968288 
28.000000 5.000000 0.203848 0.979003 
28.000000 6.000000 0.171384 0.985204 
28.000000 7.000000 0.146312 0.989239 
28.000000 8.000000 0.125335 0.992114 
28.000000 9.000000 0.106531 0.994309 
28.000000 10.000000 0.088723 0.996056 
28.000000 11.000000 0.071186 0.997463 
28.000000 12.000000 0.053501 0.998568 
28.000000 13.000000 0.035476 0.999371 
28.000000 14.000000 0.017086 0.999854 
28.000000 15.000000 -0.001575 0.999999 
28.000000 16.000000 -0.020359 0.999793 
28.000000 17.000000 -0.039131 0.999234 
28.000000 18.000000 -0.057842 0.998326 
28.000000 19.000000 -0.076601 0.997062 
28.000000 20.000000 -0.095743 0.995406 
28.000000 21.000000 -0.115921 0.993258 
28.000000 22.000000 -0.138261 0.990396 
28.000000 23.000000 -0.164650 0.986352 
28.000000 24.000000 -0.198364 0.980128 
28.000000 25.000000 -0.245529 0.969389 
28.000000 26.000000 -0.318898 0.947789 
28.000000 27.000000 -0.448704 0.893680 
28.000000 28.000000 -0.707107 0.707107 
28.000000 29.000000 -1.000000 -0.000000 
29.000000 0.000000 nan nan 
29.000000 1.000000 0.000000 1.000000 
29.000000 2.000000 0.000000 1.000000 
29.000000 3.000000 0.000000 1.000000 
29.000000 4.000000 0.000000 1.000000 
29.000000 5.000000 0.000000 1.000000 
29.000000 6.000000 0.000000 1.000000 
29.000000 7.000000 0.000000 1.000000 
29.000000 8.000000 0.000000 1.000000 
29.000000 9.000000 0.000000 1.000000 
29.000000 10.000000 0.000000 1.000000 
29.000000 11.000000 0.000000 1.000000 
29.000000 12.000000 0.000000 1.000000 
29.000000 13.000000 0.000000 1.000000 
29.000000 14.000000 0.000000 1.000000 
29.000000 15.000000 0.000000 1.000000 
29.000000 16.000000 0.000000 1.000000 
29.000000 17.000000 0.000000 1.000000 
29.000000 18.000000 0.000000 1.000000 
29.000000 19.000000 0.000000 1.000000 
29.000000 20.000000 0.000000 1.000000 
29.000000 21.000000 0.000000 1.000000 
29.000000 22.000000 0.000000 1.000000 
29.000000 23.000000 0.000000 1.000000 
29.000000 24.000000 0.000000 1.000000 
29.000000 25.000000 0.000000 1.000000 
29.000000 26.000000 0.000000 1.000000 
29.000000 27.000000 0.000000 1.000000 
29.000000 28.000000 0.000000 1.000000 
29.000000 29.000000 nan nan 
