0.000000 0.000000 0.000000 
0.000000 1.000000 0.000000 
0.000000 2.000000 0.000000 
0.000000 3.000000 0.000000 
0.000000 4.000000 0.000000 
0.000000 5.000000 0.000000 
0.000000 6.000000 0.000000 
0.000000 7.000000 0.000000 
0.000000 8.000000 0.000000 
0.000000 9.000000 0.000000 
0.000000 10.000000 0.000000 
0.000000 11.000000 0.000000 
0.000000 12.000000 0.000000 
0.000000 13.000000 0.000000 
0.000000 14.000000 0.000000 
0.000000 15.000000 0.000000 
0.000000 16.000000 0.000000 
0.000000 17.000000 0.000000 
0.000000 18.000000 0.000000 
0.000000 19.000000 0.000000 
0.000000 20.000000 0.000000 
0.000000 21.000000 0.000000 
0.000000 22.000000 0.000000 
0.000000 23.000000 0.000000 
0.000000 24.000000 0.000000 
0.000000 25.000000 0.000000 
0.000000 26.000000 0.000000 
0.000000 27.000000 0.000000 
0.000000 28.000000 0.000000 
0.000000 29.000000 0.000000 
1.000000 0.000000 0.000000 
1.000000 1.000000 0.000731 
1.000000 2.000000 0.001465 
1.000000 3.000000 0.002206 
1.000000 4.000000 0.002956 
1.000000 5.000000 0.003714 
1.000000 6.000000 0.004476 
1.000000 7.000000 0.005235 
1.000000 8.000000 0.005979 
1.000000 9.000000 0.006691 
1.000000 10.000000 0.007352 
1.000000 11.000000 0.007938 
1.000000 12.000000 0.008425 
1.000000 13.000000 0.008789 
1.000000 14.000000 0.009010 
1.000000 15.000000 0.009074 
1.000000 16.000000 0.008978 
1.000000 17.000000 0.008724 
1.000000 18.000000 0.008325 
1.000000 19.000000 0.007802 
1.000000 20.000000 0.007177 
1.000000 21.000000 0.006474 
1.000000 22.000000 0.005716 
1.000000 23.000000 0.004922 
1.000000 24.000000 0.004108 
1.000000 25.000000 0.003285 
1.000000 26.000000 0.002460 
1.000000 27.000000 0.001638 
1.000000 28.000000 0.000818 
1.000000 29.000000 0.000000 
2.000000 0.000000 0.000000 
2.000000 1.000000 0.001465 
2.000000 2.000000 0.002938 
2.000000 3.000000 0.004427 
2.000000 4.000000 0.005936 
2.000000 5.000000 0.007463 
2.000000 6.000000 0.009002 
2.000000 7.000000 0.010539 
2.000000 8.000000 0.012049 
2.000000 9.000000 0.013501 
2.000000 10.000000 0.014852 
2.000000 11.000000 0.016055 
2.000000 12.000000 0.017057 
2.000000 13.000000 0.017807 
2.000000 14.000000 0.018264 
2.000000 15.000000 0.018399 
2.000000 16.000000 0.018200 
2.000000 17.000000 0.017677 
2.000000 18.000000 0.016858 
2.000000 19.000000 0.015784 
2.000000 20.000000 0.014504 
2.000000 21.000000 0.013068 
2.000000 22.000000 0.011525 
2.000000 23.000000 0.009914 
2.000000 24.000000 0.008267 
2.000000 25.000000 0.006605 
2.000000 26.000000 0.004944 
2.000000 27.000000 0.003290 
2.000000 28.000000 0.001642 
2.000000 29.000000 0.000000 
3.000000 0.000000 0.000000 
3.000000 1.000000 0.002206 
3.000000 2.000000 0.004427 
3.000000 3.000000 0.006676 
3.000000 4.000000 0.008959 
3.000000 5.000000 0.011278 
3.000000 6.000000 0.013624 
3.000000 7.000000 0.015976 
3.000000 8.000000 0.018301 
3.000000 9.000000 0.020546 
3.000000 10.000000 0.022649 
3.000000 11.000000 0.024530 
3.000000 12.000000 0.026106 
3.000000 13.000000 0.027292 
3.000000 14.000000 0.028018 
3.000000 15.000000 0.028234 
3.000000 16.000000 0.027922 
3.000000 17.000000 0.027098 
3.000000 18.000000 0.025809 
3.000000 19.000000 0.024126 
3.000000 20.000000 0.022129 
3.000000 21.000000 0.019901 
3.000000 22.000000 0.017518 
3.000000 23.000000 0.015043 
3.000000 24.000000 0.012524 
3.000000 25.000000 0.009994 
3.000000 26.000000 0.007473 
3.000000 27.000000 0.004968 
3.000000 28.000000 0.002479 
3.000000 29.000000 0.000000 
4.000000 0.000000 0.000000 
4.000000 1.000000 0.002956 
4.000000 2.000000 0.005936 
4.000000 3.000000 0.008959 
4.000000 4.000000 0.012039 
4.000000 5.000000 0.015182 
4.000000 6.000000 0.018379 
4.000000 7.000000 0.021604 
4.000000 8.000000 0.024814 
4.000000 9.000000 0.027939 
4.000000 10.000000 0.030889 
4.000000 11.000000 0.033550 
4.000000 12.000000 0.035796 
4.000000 13.000000 0.037499 
4.000000 14.000000 0.038548 
4.000000 15.000000 0.038865 
4.000000 16.000000 0.038421 
4.000000 17.000000 0.037242 
4.000000 18.000000 0.035404 
4.000000 19.000000 0.033015 
4.000000 20.000000 0.030202 
4.000000 21.000000 0.027086 
4.000000 22.000000 0.023778 
4.000000 23.000000 0.020368 
4.000000 24.000000 0.016920 
4.000000 25.000000 0.013477 
4.000000 26.000000 0.010062 
4.000000 27.000000 0.006682 
4.000000 28.000000 0.003333 
4.000000 29.000000 0.000000 
5.000000 0.000000 0.000000 
5.000000 1.000000 0.003714 
5.000000 2.000000 0.007463 
5.000000 3.000000 0.011278 
5.000000 4.000000 0.015182 
5.000000 5.000000 0.019188 
5.000000 6.000000 0.023291 
5.000000 7.000000 0.027466 
5.000000 8.000000 0.031658 
5.000000 9.000000 0.035782 
5.000000 10.000000 0.039716 
5.000000 11.000000 0.043304 
5.000000 12.000000 0.046366 
5.000000 13.000000 0.048712 
5.000000 14.000000 0.050170 
5.000000 15.000000 0.050619 
5.000000 16.000000 0.050013 
5.000000 17.000000 0.048395 
5.000000 18.000000 0.045883 
5.000000 19.000000 0.042645 
5.000000 20.000000 0.038867 
5.000000 21.000000 0.034726 
5.000000 22.000000 0.030376 
5.000000 23.000000 0.025933 
5.000000 24.000000 0.021480 
5.000000 25.000000 0.017068 
5.000000 26.000000 0.012719 
5.000000 27.000000 0.008435 
5.000000 28.000000 0.004204 
5.000000 29.000000 0.000000 
6.000000 0.000000 0.000000 
6.000000 1.000000 0.004476 
6.000000 2.000000 0.009002 
6.000000 3.000000 0.013624 
6.000000 4.000000 0.018379 
6.000000 5.000000 0.023291 
6.000000 6.000000 0.028366 
6.000000 7.000000 0.033581 
6.000000 8.000000 0.038880 
6.000000 9.000000 0.044159 
6.000000 10.000000 0.049265 
6.000000 11.000000 0.053990 
6.000000 12.000000 0.058080 
6.000000 13.000000 0.061255 
6.000000 14.000000 0.063254 
6.000000 15.000000 0.063883 
6.000000 16.000000 0.063069 
6.000000 17.000000 0.060881 
6.000000 18.000000 0.057509 
6.000000 19.000000 0.053210 
6.000000 20.000000 0.048260 
6.000000 21.000000 0.042909 
6.000000 22.000000 0.037360 
6.000000 23.000000 0.031763 
6.000000 24.000000 0.026214 
6.000000 25.000000 0.020767 
6.000000 26.000000 0.015440 
6.000000 27.000000 0.010223 
6.000000 28.000000 0.005089 
6.000000 29.000000 0.000000 
7.000000 0.000000 0.000000 
7.000000 1.000000 0.005235 
7.000000 2.000000 0.010539 
7.000000 3.000000 0.015976 
7.000000 4.000000 0.021604 
7.000000 5.000000 0.027466 
7.000000 6.000000 0.033581 
7.000000 7.000000 0.039942 
7.000000 8.000000 0.046493 
7.000000 9.000000 0.053123 
7.000000 10.000000 0.059648 
7.000000 11.000000 0.065799 
7.000000 12.000000 0.071224 
7.000000 13.000000 0.075513 
7.000000 14.000000 0.078259 
7.000000 15.000000 0.079144 
7.000000 16.000000 0.078047 
7.000000 17.000000 0.075086 
7.000000 18.000000 0.070571 
7.000000 19.000000 0.064906 
7.000000 20.000000 0.058497 
7.000000 21.000000 0.051691 
7.000000 22.000000 0.044749 
7.000000 23.000000 0.037851 
7.000000 24.000000 0.031104 
7.000000 25.000000 0.024554 
7.000000 26.000000 0.018205 
7.000000 27.000000 0.012030 
7.000000 28.000000 0.005982 
7.000000 29.000000 0.000000 
8.000000 0.000000 0.000000 
8.000000 1.000000 0.005979 
8.000000 2.000000 0.012049 
8.000000 3.000000 0.018301 
8.000000 4.000000 0.024814 
8.000000 5.000000 0.031658 
8.000000 6.000000 0.038880 
8.000000 7.000000 0.046493 
8.000000 8.000000 0.054462 
8.000000 9.000000 0.062679 
8.000000 10.000000 0.070938 
8.000000 11.000000 0.078907 
8.000000 12.000000 0.086111 
8.000000 13.000000 0.091948 
8.000000 14.000000 0.095771 
8.000000 15.000000 0.097040 
8.000000 16.000000 0.095535 
8.000000 17.000000 0.091471 
8.000000 18.000000 0.085381 
8.000000 19.000000 0.077910 
8.000000 20.000000 0.069652 
8.000000 21.000000 0.061076 
8.000000 22.000000 0.052509 
8.000000 23.000000 0.044148 
8.000000 24.000000 0.036096 
8.000000 25.000000 0.028379 
8.000000 26.000000 0.020976 
8.000000 27.000000 0.013831 
8.000000 28.000000 0.006869 
8.000000 29.000000 0.000000 
9.000000 0.000000 0.000000 
9.000000 1.000000 0.006691 
9.000000 2.000000 0.013501 
9.000000 3.000000 0.020546 
9.000000 4.000000 0.027939 
9.000000 5.000000 0.035782 
9.000000 6.000000 0.044159 
9.000000 7.000000 0.053123 
9.000000 8.000000 0.062679 
9.000000 9.000000 0.072748 
9.000000 10.000000 0.083128 
9.000000 11.000000 0.093437 
9.000000 12.000000 0.103061 
9.000000 13.000000 0.111126 
9.000000 14.000000 0.116582 
9.000000 15.000000 0.118459 
9.000000 16.000000 0.116324 
9.000000 17.000000 0.110604 
9.000000 18.000000 0.102263 
9.000000 19.000000 0.092347 
9.000000 20.000000 0.081720 
9.000000 21.000000 0.070991 
9.000000 22.000000 0.060535 
9.000000 23.000000 0.050546 
9.000000 24.000000 0.041093 
9.000000 25.000000 0.032163 
9.000000 26.000000 0.023693 
9.000000 27.000000 0.015586 
9.000000 28.000000 0.007729 
9.000000 29.000000 0.000000 
10.000000 0.000000 0.000000 
10.000000 1.000000 0.007352 
10.000000 2.000000 0.014852 
10.000000 3.000000 0.022649 
10.000000 4.000000 0.030889 
10.000000 5.000000 0.039716 
10.000000 6.000000 0.049265 
10.000000 7.000000 0.059648 
10.000000 8.000000 0.070938 
10.000000 9.000000 0.083128 
10.000000 10.000000 0.096072 
10.000000 11.000000 0.109393 
10.000000 12.000000 0.122354 
10.000000 13.000000 0.133733 
10.000000 14.000000 0.141811 
10.000000 15.000000 0.144739 
10.000000 16.000000 0.141533 
10.000000 17.000000 0.133172 
10.000000 18.000000 0.121497 
10.000000 19.000000 0.108220 
10.000000 20.000000 0.094557 
10.000000 21.000000 0.081236 
10.000000 22.000000 0.068627 
10.000000 23.000000 0.056865 
10.000000 24.000000 0.045949 
10.000000 25.000000 0.035794 
10.000000 26.000000 0.026274 
10.000000 27.000000 0.017242 
10.000000 28.000000 0.008538 
10.000000 29.000000 0.000000 
11.000000 0.000000 0.000000 
11.000000 1.000000 0.007938 
11.000000 2.000000 0.016055 
11.000000 3.000000 0.024530 
11.000000 4.000000 0.033550 
11.000000 5.000000 0.043304 
11.000000 6.000000 0.053990 
11.000000 7.000000 0.065799 
11.000000 8.000000 0.078907 
11.000000 9.000000 0.093437 
11.000000 10.000000 0.109393 
11.000000 11.000000 0.126525 
11.000000 12.000000 0.144098 
11.000000 13.000000 0.160546 
11.000000 14.000000 0.173119 
11.000000 15.000000 0.178089 
11.000000 16.000000 0.172826 
11.000000 17.000000 0.159953 
11.000000 18.000000 0.143191 
11.000000 19.000000 0.125283 
11.000000 20.000000 0.107788 
11.000000 21.000000 0.091431 
11.000000 22.000000 0.076453 
11.000000 23.000000 0.062842 
11.000000 24.000000 0.050460 
11.000000 25.000000 0.039122 
11.000000 26.000000 0.028617 
11.000000 27.000000 0.018735 
11.000000 28.000000 0.009265 
11.000000 29.000000 0.000000 
12.000000 0.000000 0.000000 
12.000000 1.000000 0.008425 
12.000000 2.000000 0.017057 
12.000000 3.000000 0.026106 
12.000000 4.000000 0.035796 
12.000000 5.000000 0.046366 
12.000000 6.000000 0.058080 
12.000000 7.000000 0.071224 
12.000000 8.000000 0.086111 
12.000000 9.000000 0.103061 
12.000000 10.000000 0.122354 
12.000000 11.000000 0.144098 
12.000000 12.000000 0.167909 
12.000000 13.000000 0.192221 
12.000000 14.000000 0.213040 
12.000000 15.000000 0.222693 
12.000000 16.000000 0.212734 
12.000000 17.000000 0.191602 
12.000000 18.000000 0.166962 
12.000000 19.000000 0.142802 
12.000000 20.000000 0.120678 
12.000000 21.000000 0.100965 
12.000000 22.000000 0.083545 
12.000000 23.000000 0.068128 
12.000000 24.000000 0.054379 
12.000000 25.000000 0.041974 
12.000000 26.000000 0.030606 
12.000000 27.000000 0.019994 
12.000000 28.000000 0.009875 
12.000000 29.000000 0.000000 
13.000000 0.000000 0.000000 
13.000000 1.000000 0.008789 
13.000000 2.000000 0.017807 
13.000000 3.000000 0.027292 
13.000000 4.000000 0.037499 
13.000000 5.000000 0.048712 
13.000000 6.000000 0.061255 
13.000000 7.000000 0.075513 
13.000000 8.000000 0.091948 
13.000000 9.000000 0.111126 
13.000000 10.000000 0.133733 
13.000000 11.000000 0.160546 
13.000000 12.000000 0.192221 
13.000000 13.000000 0.228438 
13.000000 14.000000 0.265206 
13.000000 15.000000 0.287997 
13.000000 16.000000 0.264892 
13.000000 17.000000 0.227802 
13.000000 18.000000 0.191247 
13.000000 19.000000 0.159212 
13.000000 20.000000 0.132006 
13.000000 21.000000 0.108966 
13.000000 22.000000 0.089302 
13.000000 23.000000 0.072317 
13.000000 24.000000 0.057432 
13.000000 25.000000 0.044167 
13.000000 26.000000 0.032122 
13.000000 27.000000 0.020948 
13.000000 28.000000 0.010336 
13.000000 29.000000 0.000000 
14.000000 0.000000 0.000000 
14.000000 1.000000 0.009010 
14.000000 2.000000 0.018264 
14.000000 3.000000 0.028018 
14.000000 4.000000 0.038548 
14.000000 5.000000 0.050170 
14.000000 6.000000 0.063254 
14.000000 7.000000 0.078259 
14.000000 8.000000 0.095771 
14.000000 9.000000 0.116582 
14.000000 10.000000 0.141811 
14.000000 11.000000 0.173119 
14.000000 12.000000 0.213040 
14.000000 13.000000 0.265206 
14.000000 14.000000 0.332481 
14.000000 15.000000 0.400337 
14.000000 16.000000 0.332161 
14.000000 17.000000 0.264560 
14.000000 18.000000 0.212050 
14.000000 19.000000 0.171763 
14.000000 20.000000 0.140055 
14.000000 21.000000 0.114385 
14.000000 22.000000 0.093078 
14.000000 23.000000 0.075005 
14.000000 24.000000 0.059359 
14.000000 25.000000 0.045537 
14.000000 26.000000 0.033060 
14.000000 27.000000 0.021535 
14.000000 28.000000 0.010619 
14.000000 29.000000 0.000000 
15.000000 0.000000 0.000000 
15.000000 1.000000 0.009074 
15.000000 2.000000 0.018399 
15.000000 3.000000 0.028234 
15.000000 4.000000 0.038865 
15.000000 5.000000 0.050619 
15.000000 6.000000 0.063883 
15.000000 7.000000 0.079144 
15.000000 8.000000 0.097040 
15.000000 9.000000 0.118459 
15.000000 10.000000 0.144739 
15.000000 11.000000 0.178089 
15.000000 12.000000 0.222693 
15.000000 13.000000 0.287997 
15.000000 14.000000 0.400337 
15.000000 15.000000 0.649881 
15.000000 16.000000 0.400016 
15.000000 17.000000 0.287348 
15.000000 18.000000 0.221701 
15.000000 19.000000 0.176729 
15.000000 20.000000 0.142978 
15.000000 21.000000 0.116255 
15.000000 22.000000 0.094337 
15.000000 23.000000 0.075877 
15.000000 24.000000 0.059971 
15.000000 25.000000 0.045963 
15.000000 26.000000 0.033348 
15.000000 27.000000 0.021713 
15.000000 28.000000 0.010704 
15.000000 29.000000 0.000000 
16.000000 0.000000 0.000000 
16.000000 1.000000 0.008978 
16.000000 2.000000 0.018200 
16.000000 3.000000 0.027922 
16.000000 4.000000 0.038421 
16.000000 5.000000 0.050013 
16.000000 6.000000 0.063069 
16.000000 7.000000 0.078047 
16.000000 8.000000 0.095535 
16.000000 9.000000 0.116324 
16.000000 10.000000 0.141533 
16.000000 11.000000 0.172826 
16.000000 12.000000 0.212734 
16.000000 13.000000 0.264892 
16.000000 14.000000 0.332161 
16.000000 15.000000 0.400016 
16.000000 16.000000 0.331844 
16.000000 17.000000 0.264249 
16.000000 18.000000 0.211751 
16.000000 19.000000 0.171479 
16.000000 20.000000 0.139789 
16.000000 21.000000 0.114140 
16.000000 22.000000 0.092858 
16.000000 23.000000 0.074812 
16.000000 24.000000 0.059195 
16.000000 25.000000 0.045403 
16.000000 26.000000 0.032959 
16.000000 27.000000 0.021467 
16.000000 28.000000 0.010585 
16.000000 29.000000 0.000000 
17.000000 0.000000 0.000000 
17.000000 1.000000 0.008724 
17.000000 2.000000 0.017677 
17.000000 3.000000 0.027098 
17.000000 4.000000 0.037242 
17.000000 5.000000 0.048395 
17.000000 6.000000 0.060881 
17.000000 7.000000 0.075086 
17.000000 8.000000 0.091471 
17.000000 9.000000 0.110604 
17.000000 10.000000 0.133172 
17.000000 11.000000 0.159953 
17.000000 12.000000 0.191602 
17.000000 13.000000 0.227802 
17.000000 14.000000 0.264560 
17.000000 15.000000 0.287348 
17.000000 16.000000 0.264249 
17.000000 17.000000 0.227174 
17.000000 18.000000 0.190642 
17.000000 19.000000 0.158637 
17.000000 20.000000 0.131468 
17.000000 21.000000 0.108471 
17.000000 22.000000 0.088857 
17.000000 23.000000 0.071927 
17.000000 24.000000 0.057100 
17.000000 25.000000 0.043898 
17.000000 26.000000 0.031917 
17.000000 27.000000 0.020810 
17.000000 28.000000 0.010267 
17.000000 29.000000 0.000000 
18.000000 0.000000 0.000000 
18.000000 1.000000 0.008325 
18.000000 2.000000 0.016858 
18.000000 3.000000 0.025809 
18.000000 4.000000 0.035404 
18.000000 5.000000 0.045883 
18.000000 6.000000 0.057509 
18.000000 7.000000 0.070571 
18.000000 8.000000 0.085381 
18.000000 9.000000 0.102263 
18.000000 10.000000 0.121497 
18.000000 11.000000 0.143191 
18.000000 12.000000 0.166962 
18.000000 13.000000 0.191247 
18.000000 14.000000 0.212050 
18.000000 15.000000 0.221701 
18.000000 16.000000 0.211751 
18.000000 17.000000 0.190642 
18.000000 18.000000 0.166036 
18.000000 19.000000 0.141922 
18.000000 20.000000 0.119855 
18.000000 21.000000 0.100209 
18.000000 22.000000 0.082864 
18.000000 23.000000 0.067531 
18.000000 24.000000 0.053872 
18.000000 25.000000 0.041562 
18.000000 26.000000 0.030293 
18.000000 27.000000 0.019784 
18.000000 28.000000 0.009770 
18.000000 29.000000 0.000000 
19.000000 0.000000 0.000000 
19.000000 1.000000 0.007802 
19.000000 2.000000 0.015784 
19.000000 3.000000 0.024126 
19.000000 4.000000 0.033015 
19.000000 5.000000 0.042645 
19.000000 6.000000 0.053210 
19.000000 7.000000 0.064906 
19.000000 8.000000 0.077910 
19.000000 9.000000 0.092347 
19.000000 10.000000 0.108220 
19.000000 11.000000 0.125283 
19.000000 12.000000 0.142802 
19.000000 13.000000 0.159212 
19.000000 14.000000 0.171763 
19.000000 15.000000 0.176729 
19.000000 16.000000 0.171479 
19.000000 17.000000 0.158637 
19.000000 18.000000 0.141922 
19.000000 19.000000 0.124078 
19.000000 20.000000 0.106661 
19.000000 21.000000 0.090396 
19.000000 22.000000 0.075523 
19.000000 23.000000 0.062025 
19.000000 24.000000 0.049767 
19.000000 25.000000 0.038559 
19.000000 26.000000 0.028190 
19.000000 27.000000 0.018448 
19.000000 28.000000 0.009121 
19.000000 29.000000 0.000000 
20.000000 0.000000 0.000000 
20.000000 1.000000 0.007177 
20.000000 2.000000 0.014504 
20.000000 3.000000 0.022129 
20.000000 4.000000 0.030202 
20.000000 5.000000 0.038867 
20.000000 6.000000 0.048260 
20.000000 7.000000 0.058497 
20.000000 8.000000 0.069652 
20.000000 9.000000 0.081720 
20.000000 10.000000 0.094557 
20.000000 11.000000 0.107788 
20.000000 12.000000 0.120678 
20.000000 13.000000 0.132006 
20.000000 14.000000 0.140055 
20.000000 15.000000 0.142978 
20.000000 16.000000 0.139789 
20.000000 17.000000 0.131468 
20.000000 18.000000 0.119855 
20.000000 19.000000 0.106661 
20.000000 20.000000 0.093100 
20.000000 21.000000 0.079898 
20.000000 22.000000 0.067424 
20.000000 23.000000 0.055811 
20.000000 24.000000 0.045054 
20.000000 25.000000 0.035067 
20.000000 26.000000 0.025723 
20.000000 27.000000 0.016872 
20.000000 28.000000 0.008353 
20.000000 29.000000 0.000000 
21.000000 0.000000 0.000000 
21.000000 1.000000 0.006474 
21.000000 2.000000 0.013068 
21.000000 3.000000 0.019901 
21.000000 4.000000 0.027086 
21.000000 5.000000 0.034726 
21.000000 6.000000 0.042909 
21.000000 7.000000 0.051691 
21.000000 8.000000 0.061076 
21.000000 9.000000 0.070991 
21.000000 10.000000 0.081236 
21.000000 11.000000 0.091431 
21.000000 12.000000 0.100965 
21.000000 13.000000 0.108966 
21.000000 14.000000 0.114385 
21.000000 15.000000 0.116255 
21.000000 16.000000 0.114140 
21.000000 17.000000 0.108471 
21.000000 18.000000 0.100209 
21.000000 19.000000 0.090396 
21.000000 20.000000 0.079898 
21.000000 21.000000 0.069320 
21.000000 22.000000 0.059034 
21.000000 23.000000 0.049231 
21.000000 24.000000 0.039978 
21.000000 25.000000 0.031259 
21.000000 26.000000 0.023007 
21.000000 27.000000 0.015125 
21.000000 28.000000 0.007498 
21.000000 29.000000 0.000000 
22.000000 0.000000 0.000000 
22.000000 1.000000 0.005716 
22.000000 2.000000 0.011525 
22.000000 3.000000 0.017518 
22.000000 4.000000 0.023778 
22.000000 5.000000 0.030376 
22.000000 6.000000 0.037360 
22.000000 7.000000 0.044749 
22.000000 8.000000 0.052509 
22.000000 9.000000 0.060535 
22.000000 10.000000 0.068627 
22.000000 11.000000 0.076453 
22.000000 12.000000 0.083545 
22.000000 13.000000 0.089302 
22.000000 14.000000 0.093078 
22.000000 15.000000 0.094337 
22.000000 16.000000 0.092858 
22.000000 17.000000 0.088857 
22.000000 18.000000 0.082864 
22.000000 19.000000 0.075523 
22.000000 20.000000 0.067424 
22.000000 21.000000 0.059034 
22.000000 22.000000 0.050676 
22.000000 23.000000 0.042544 
22.000000 24.000000 0.034736 
22.000000 25.000000 0.027277 
22.000000 26.000000 0.020141 
22.000000 27.000000 0.013271 
22.000000 28.000000 0.006587 
22.000000 29.000000 0.000000 
23.000000 0.000000 0.000000 
23.000000 1.000000 0.004922 
23.000000 2.000000 0.009914 
23.000000 3.000000 0.015043 
23.000000 4.000000 0.020368 
23.000000 5.000000 0.025933 
23.000000 6.000000 0.031763 
23.000000 7.000000 0.037851 
23.000000 8.000000 0.044148 
23.000000 9.000000 0.050546 
23.000000 10.000000 0.056865 
23.000000 11.000000 0.062842 
23.000000 12.000000 0.068128 
23.000000 13.000000 0.072317 
23.000000 14.000000 0.075005 
23.000000 15.000000 0.075877 
23.000000 16.000000 0.074812 
23.000000 17.000000 0.071927 
23.000000 18.000000 0.067531 
23.000000 19.000000 0.062025 
23.000000 20.000000 0.055811 
23.000000 21.000000 0.049231 
23.000000 22.000000 0.042544 
23.000000 23.000000 0.035924 
23.000000 24.000000 0.029472 
23.000000 25.000000 0.023232 
23.000000 26.000000 0.017205 
23.000000 27.000000 0.011359 
23.000000 28.000000 0.005645 
23.000000 29.000000 0.000000 
24.000000 0.000000 0.000000 
24.000000 1.000000 0.004108 
24.000000 2.000000 0.008267 
24.000000 3.000000 0.012524 
24.000000 4.000000 0.016920 
24.000000 5.000000 0.021480 
24.000000 6.000000 0.026214 
24.000000 7.000000 0.031104 
24.000000 8.000000 0.036096 
24.000000 9.000000 0.041093 
24.000000 10.000000 0.045949 
24.000000 11.000000 0.050460 
24.000000 12.000000 0.054379 
24.000000 13.000000 0.057432 
24.000000 14.000000 0.059359 
24.000000 15.000000 0.059971 
24.000000 16.000000 0.059195 
24.000000 17.000000 0.057100 
24.000000 18.000000 0.053872 
24.000000 19.000000 0.049767 
24.000000 20.000000 0.045054 
24.000000 21.000000 0.039978 
24.000000 22.000000 0.034736 
24.000000 23.000000 0.029472 
24.000000 24.000000 0.024278 
24.000000 25.000000 0.019201 
24.000000 26.000000 0.014256 
24.000000 27.000000 0.009429 
24.000000 28.000000 0.004691 
24.000000 29.000000 0.000000 
25.000000 0.000000 0.000000 
25.000000 1.000000 0.003285 
25.000000 2.000000 0.006605 
25.000000 3.000000 0.009994 
25.000000 4.000000 0.013477 
25.000000 5.000000 0.017068 
25.000000 6.000000 0.020767 
25.000000 7.000000 0.024554 
25.000000 8.000000 0.028379 
25.000000 9.000000 0.032163 
25.000000 10.000000 0.035794 
25.000000 11.000000 0.039122 
25.000000 12.000000 0.041974 
25.000000 13.000000 0.044167 
25.000000 14.000000 0.045537 
25.000000 15.000000 0.045963 
25.000000 16.000000 0.045403 
25.000000 17.000000 0.043898 
25.000000 18.000000 0.041562 
25.000000 19.000000 0.038559 
25.000000 20.000000 0.035067 
25.000000 21.000000 0.031259 
25.000000 22.000000 0.027277 
25.000000 23.000000 0.023232 
25.000000 24.000000 0.019201 
25.000000 25.000000 0.015227 
25.000000 26.000000 0.011329 
25.000000 27.000000 0.007505 
25.000000 28.000000 0.003737 
25.000000 29.000000 0.000000 
26.000000 0.000000 0.000000 
26.000000 1.000000 0.002460 
26.000000 2.000000 0.004944 
26.000000 3.000000 0.007473 
26.000000 4.000000 0.010062 
26.000000 5.000000 0.012719 
26.000000 6.000000 0.015440 
26.000000 7.000000 0.018205 
26.000000 8.000000 0.020976 
26.000000 9.000000 0.023693 
26.000000 10.000000 0.026274 
26.000000 11.000000 0.028617 
26.000000 12.000000 0.030606 
26.000000 13.000000 0.032122 
26.000000 14.000000 0.033060 
26.000000 15.000000 0.033348 
26.000000 16.000000 0.032959 
26.000000 17.000000 0.031917 
26.000000 18.000000 0.030293 
26.000000 19.000000 0.028190 
26.000000 20.000000 0.025723 
26.000000 21.000000 0.023007 
26.000000 22.000000 0.020141 
26.000000 23.000000 0.017205 
26.000000 24.000000 0.014256 
26.000000 25.000000 0.011329 
26.000000 26.000000 0.008443 
26.000000 27.000000 0.005599 
26.000000 28.000000 0.002790 
26.000000 29.000000 0.000000 
27.000000 0.000000 0.000000 
27.000000 1.000000 0.001638 
27.000000 2.000000 0.003290 
27.000000 3.000000 0.004968 
27.000000 4.000000 0.006682 
27.000000 5.000000 0.008435 
27.000000 6.000000 0.010223 
27.000000 7.000000 0.012030 
27.000000 8.000000 0.013831 
27.000000 9.000000 0.015586 
27.000000 10.000000 0.017242 
27.000000 11.000000 0.018735 
27.000000 12.000000 0.019994 
27.000000 13.000000 0.020948 
27.000000 14.000000 0.021535 
27.000000 15.000000 0.021713 
27.000000 16.000000 0.021467 
27.000000 17.000000 0.020810 
27.000000 18.000000 0.019784 
27.000000 19.000000 0.018448 
27.000000 20.000000 0.016872 
27.000000 21.000000 0.015125 
27.000000 22.000000 0.013271 
27.000000 23.000000 0.011359 
27.000000 24.000000 0.009429 
27.000000 25.000000 0.007505 
27.000000 26.000000 0.005599 
27.000000 27.000000 0.003717 
27.000000 28.000000 0.001853 
27.000000 29.000000 0.000000 
28.000000 0.000000 0.000000 
28.000000 1.000000 0.000818 
28.000000 2.000000 0.001642 
28.000000 3.000000 0.002479 
28.000000 4.000000 0.003333 
28.000000 5.000000 0.004204 
28.000000 6.000000 0.005089 
28.000000 7.000000 0.005982 
28.000000 8.000000 0.006869 
28.000000 9.000000 0.007729 
28.000000 10.000000 0.008538 
28.000000 11.000000 0.009265 
28.000000 12.000000 0.009875 
28.000000 13.000000 0.010336 
28.000000 14.000000 0.010619 
28.000000 15.000000 0.010704 
28.000000 16.000000 0.010585 
28.000000 17.000000 0.010267 
28.000000 18.000000 0.009770 
28.000000 19.000000 0.009121 
28.000000 20.000000 0.008353 
28.000000 21.000000 0.007498 
28.000000 22.000000 0.006587 
28.000000 23.000000 0.005645 
28.000000 24.000000 0.004691 
28.000000 25.000000 0.003737 
28.000000 26.000000 0.002790 
28.000000 27.000000 0.001853 
28.000000 28.000000 0.000924 
28.000000 29.000000 0.000000 
29.000000 0.000000 0.000000 
29.000000 1.000000 0.000000 
29.000000 2.000000 0.000000 
29.000000 3.000000 0.000000 
29.000000 4.000000 0.000000 
29.000000 5.000000 0.000000 
29.000000 6.000000 0.000000 
29.000000 7.000000 0.000000 
29.000000 8.000000 0.000000 
29.000000 9.000000 0.000000 
29.000000 10.000000 0.000000 
29.000000 11.000000 0.000000 
29.000000 12.000000 0.000000 
29.000000 13.000000 0.000000 
29.000000 14.000000 0.000000 
29.000000 15.000000 0.000000 
29.000000 16.000000 0.000000 
29.000000 17.000000 0.000000 
29.000000 18.000000 0.000000 
29.000000 19.000000 0.000000 
29.000000 20.000000 0.000000 
29.000000 21.000000 0.000000 
29.000000 22.000000 0.000000 
29.000000 23.000000 0.000000 
29.000000 24.000000 0.000000 
29.000000 25.000000 0.000000 
29.000000 26.000000 0.000000 
29.000000 27.000000 0.000000 
29.000000 28.000000 0.000000 
29.000000 29.000000 0.000000 
