1.000000 0.081233 
1.000000 0.081233 
1.000000 0.081216 
1.000000 0.081216 
1.414214 0.050369 
1.414214 0.050351 
1.414214 0.050351 
1.414214 0.050334 
2.000000 0.038067 
2.000000 0.038067 
2.000000 0.038032 
2.000000 0.038032 
2.236068 0.031118 
2.236068 0.031101 
2.236068 0.031118 
2.236068 0.031083 
2.236068 0.031101 
2.236068 0.031067 
2.236068 0.031083 
2.236068 0.031067 
2.828427 0.023251 
2.828427 0.023216 
2.828427 0.023216 
2.828427 0.023182 
3.000000 0.022732 
3.000000 0.022732 
3.000000 0.022679 
3.000000 0.022679 
3.162278 0.020719 
3.162278 0.020702 
3.162278 0.020719 
3.162278 0.020665 
3.162278 0.020702 
3.162278 0.020649 
3.162278 0.020665 
3.162278 0.020649 
3.605551 0.017280 
3.605551 0.017247 
3.605551 0.017280 
3.605551 0.017228 
3.605551 0.017247 
3.605551 0.017195 
3.605551 0.017228 
3.605551 0.017195 
4.000000 0.015485 
4.000000 0.015485 
4.000000 0.015411 
4.000000 0.015411 
4.123106 0.014726 
4.123106 0.014710 
4.123106 0.014726 
4.123106 0.014653 
4.123106 0.014710 
4.123106 0.014637 
4.123106 0.014653 
4.123106 0.014637 
4.242641 0.013930 
4.242641 0.013878 
4.242641 0.013878 
4.242641 0.013828 
4.472136 0.013057 
4.472136 0.013025 
4.472136 0.013057 
4.472136 0.012984 
4.472136 0.013025 
4.472136 0.012953 
4.472136 0.012984 
4.472136 0.012953 
5.000000 0.011304 
5.000000 0.011124 
5.000000 0.011075 
5.000000 0.011124 
5.000000 0.011053 
5.000000 0.011304 
5.000000 0.011208 
5.000000 0.011075 
5.000000 0.011006 
5.000000 0.011053 
5.000000 0.011006 
5.000000 0.011208 
5.099020 0.010949 
5.099020 0.010935 
5.099020 0.010949 
5.099020 0.010854 
5.099020 0.010935 
5.099020 0.010840 
5.099020 0.010854 
5.099020 0.010840 
5.385165 0.010051 
5.385165 0.010021 
5.385165 0.010051 
5.385165 0.009957 
5.385165 0.010021 
5.385165 0.009928 
5.385165 0.009957 
5.385165 0.009928 
5.656854 0.009281 
5.656854 0.009214 
5.656854 0.009214 
5.656854 0.009148 
5.830952 0.008885 
5.830952 0.008839 
5.830952 0.008885 
5.830952 0.008794 
5.830952 0.008839 
5.830952 0.008749 
5.830952 0.008794 
5.830952 0.008749 
6.000000 0.008572 
6.000000 0.008572 
6.000000 0.008452 
6.000000 0.008452 
6.082763 0.008380 
6.082763 0.008366 
6.082763 0.008380 
6.082763 0.008260 
6.082763 0.008366 
6.082763 0.008247 
6.082763 0.008260 
6.082763 0.008247 
6.324555 0.007853 
6.324555 0.007824 
6.324555 0.007853 
6.324555 0.007735 
6.324555 0.007824 
6.324555 0.007708 
6.324555 0.007735 
6.324555 0.007708 
6.403124 0.007662 
6.403124 0.007598 
6.403124 0.007662 
6.403124 0.007575 
6.403124 0.007598 
6.403124 0.007514 
6.403124 0.007575 
6.403124 0.007514 
6.708204 0.007116 
6.708204 0.007073 
6.708204 0.007116 
6.708204 0.007001 
6.708204 0.007073 
6.708204 0.006961 
6.708204 0.007001 
6.708204 0.006961 
7.000000 0.006638 
7.000000 0.006638 
7.000000 0.006489 
7.000000 0.006489 
7.071068 0.006523 
7.071068 0.006510 
7.071068 0.006500 
7.071068 0.006418 
7.071068 0.006523 
7.071068 0.006375 
7.071068 0.006510 
7.071068 0.006363 
7.071068 0.006418 
7.071068 0.006339 
7.071068 0.006375 
7.071068 0.006363 
7.211103 0.006287 
7.211103 0.006228 
7.211103 0.006287 
7.211103 0.006178 
7.211103 0.006228 
7.211103 0.006122 
7.211103 0.006178 
7.211103 0.006122 
7.280110 0.006192 
7.280110 0.006166 
7.280110 0.006192 
7.280110 0.006047 
7.280110 0.006166 
7.280110 0.006023 
7.280110 0.006047 
7.280110 0.006023 
7.615773 0.005707 
7.615773 0.005667 
7.615773 0.005707 
7.615773 0.005566 
7.615773 0.005667 
7.615773 0.005529 
7.615773 0.005566 
7.615773 0.005529 
7.810250 0.005452 
7.810250 0.005375 
7.810250 0.005452 
7.810250 0.005349 
7.810250 0.005375 
7.810250 0.005276 
7.810250 0.005349 
7.810250 0.005276 
8.000000 0.005188 
8.000000 0.005188 
8.000000 0.005008 
8.000000 0.005008 
8.062258 0.005116 
8.062258 0.005104 
8.062258 0.005133 
8.062258 0.005079 
8.062258 0.005133 
8.062258 0.004999 
8.062258 0.005116 
8.062258 0.004936 
8.062258 0.005104 
8.062258 0.004926 
8.062258 0.005079 
8.062258 0.004949 
8.062258 0.004999 
8.062258 0.004949 
8.062258 0.004936 
8.062258 0.004926 
8.246211 0.004898 
8.246211 0.004875 
8.246211 0.004898 
8.246211 0.004722 
8.246211 0.004875 
8.246211 0.004701 
8.246211 0.004722 
8.246211 0.004701 
8.485281 0.004657 
8.485281 0.004561 
8.485281 0.004561 
8.485281 0.004470 
8.544004 0.004567 
8.544004 0.004532 
8.544004 0.004567 
8.544004 0.004397 
8.544004 0.004532 
8.544004 0.004365 
8.544004 0.004397 
8.544004 0.004365 
8.602325 0.004527 
8.602325 0.004457 
8.602325 0.004527 
8.602325 0.004400 
8.602325 0.004457 
8.602325 0.004335 
8.602325 0.004400 
8.602325 0.004335 
8.944272 0.004163 
8.944272 0.004114 
8.944272 0.004163 
8.944272 0.004000 
8.944272 0.004114 
8.944272 0.003956 
8.944272 0.004000 
8.944272 0.003956 
9.000000 0.004055 
9.000000 0.004055 
9.000000 0.003838 
9.000000 0.003838 
9.055385 0.004007 
9.055385 0.003997 
9.055385 0.004007 
9.055385 0.003790 
9.055385 0.003997 
9.055385 0.003782 
9.055385 0.003790 
9.055385 0.003782 
9.219544 0.003859 
9.219544 0.003839 
9.219544 0.003926 
9.219544 0.003839 
9.219544 0.003926 
9.219544 0.003809 
9.219544 0.003859 
9.219544 0.003646 
9.219544 0.003839 
9.219544 0.003629 
9.219544 0.003839 
9.219544 0.003727 
9.219544 0.003809 
9.219544 0.003727 
9.219544 0.003646 
9.219544 0.003629 
9.433981 0.003719 
9.433981 0.003657 
9.433981 0.003719 
9.433981 0.003566 
9.433981 0.003657 
9.433981 0.003509 
9.433981 0.003566 
9.433981 0.003509 
9.486833 0.003628 
9.486833 0.003598 
9.486833 0.003628 
9.486833 0.003423 
9.486833 0.003598 
9.486833 0.003396 
9.486833 0.003423 
9.486833 0.003396 
9.848858 0.003339 
9.848858 0.003297 
9.848858 0.003339 
9.848858 0.003144 
9.848858 0.003297 
9.848858 0.003106 
9.848858 0.003144 
9.848858 0.003106 
9.899495 0.003353 
9.899495 0.003246 
9.899495 0.003246 
9.899495 0.003146 
10.000000 0.003135 
10.000000 0.003265 
10.000000 0.003187 
10.000000 0.003265 
10.000000 0.003123 
10.000000 0.003135 
10.000000 0.002874 
10.000000 0.003187 
10.000000 0.003052 
10.000000 0.003123 
10.000000 0.003052 
10.000000 0.002874 
10.049876 0.003103 
10.049876 0.003094 
10.049876 0.003103 
10.049876 0.002843 
10.049876 0.003094 
10.049876 0.002836 
10.049876 0.002843 
10.049876 0.002836 
10.198039 0.003000 
10.198039 0.002983 
10.198039 0.003000 
10.198039 0.002746 
10.198039 0.002983 
10.198039 0.002731 
10.198039 0.002746 
10.198039 0.002731 
10.295630 0.003013 
10.295630 0.002959 
10.295630 0.003013 
10.295630 0.002830 
10.295630 0.002959 
10.295630 0.002781 
10.295630 0.002830 
10.295630 0.002781 
10.440307 0.002838 
10.440307 0.002812 
10.440307 0.002838 
10.440307 0.002593 
10.440307 0.002812 
10.440307 0.002570 
10.440307 0.002593 
10.440307 0.002570 
10.630146 0.002819 
10.630146 0.002724 
10.630146 0.002819 
10.630146 0.002690 
10.630146 0.002724 
10.630146 0.002603 
10.630146 0.002690 
10.630146 0.002603 
10.770330 0.002630 
10.770330 0.002595 
10.770330 0.002630 
10.770330 0.002397 
10.770330 0.002595 
10.770330 0.002366 
10.770330 0.002397 
10.770330 0.002366 
10.816654 0.002671 
10.816654 0.002603 
10.816654 0.002671 
10.816654 0.002501 
10.816654 0.002603 
10.816654 0.002441 
10.816654 0.002501 
10.816654 0.002441 
11.000000 0.002364 
11.000000 0.002364 
11.000000 0.002051 
11.000000 0.002051 
11.045361 0.002341 
11.045361 0.002335 
11.045361 0.002341 
11.045361 0.002031 
11.045361 0.002335 
11.045361 0.002025 
11.045361 0.002031 
11.045361 0.002025 
11.180340 0.002271 
11.180340 0.002257 
11.180340 0.002392 
11.180340 0.002346 
11.180340 0.002392 
11.180340 0.002173 
11.180340 0.002271 
11.180340 0.001967 
11.180340 0.002257 
11.180340 0.001956 
11.180340 0.002346 
11.180340 0.002134 
11.180340 0.002173 
11.180340 0.002134 
11.180340 0.001967 
11.180340 0.001956 
11.313708 0.002392 
11.313708 0.002277 
11.313708 0.002277 
11.313708 0.002171 
11.401754 0.002157 
11.401754 0.002136 
11.401754 0.002326 
11.401754 0.002243 
11.401754 0.002326 
11.401754 0.002172 
11.401754 0.002157 
11.401754 0.001864 
11.401754 0.002136 
11.401754 0.001847 
11.401754 0.002243 
11.401754 0.002098 
11.401754 0.002172 
11.401754 0.002098 
11.401754 0.001864 
11.401754 0.001847 
11.661904 0.002136 
11.661904 0.002078 
11.661904 0.002136 
11.661904 0.001934 
11.661904 0.002078 
11.661904 0.001885 
11.661904 0.001934 
11.661904 0.001885 
11.704700 0.002010 
11.704700 0.001981 
11.704700 0.002010 
11.704700 0.001732 
11.704700 0.001981 
11.704700 0.001708 
11.704700 0.001732 
11.704700 0.001708 
12.000000 0.001694 
12.000000 0.001694 
12.000000 0.001321 
12.000000 0.001321 
12.041595 0.001680 
12.041595 0.001675 
12.041595 0.001989 
12.041595 0.001890 
12.041595 0.001989 
12.041595 0.001853 
12.041595 0.001680 
12.041595 0.001309 
12.041595 0.001675 
12.041595 0.001305 
12.041595 0.001890 
12.041595 0.001763 
12.041595 0.001853 
12.041595 0.001763 
12.041595 0.001309 
12.041595 0.001305 
12.083046 0.001838 
12.083046 0.001800 
12.083046 0.001838 
12.083046 0.001578 
12.083046 0.001800 
12.083046 0.001548 
12.083046 0.001578 
12.083046 0.001548 
12.165525 0.001632 
12.165525 0.001622 
12.165525 0.001632 
12.165525 0.001269 
12.165525 0.001622 
12.165525 0.001262 
12.165525 0.001269 
12.165525 0.001262 
12.206556 0.001873 
12.206556 0.001803 
12.206556 0.001873 
12.206556 0.001691 
12.206556 0.001803 
12.206556 0.001631 
12.206556 0.001691 
12.206556 0.001631 
12.369317 0.001555 
12.369317 0.001539 
12.369317 0.001555 
12.369317 0.001206 
12.369317 0.001539 
12.369317 0.001195 
12.369317 0.001206 
12.369317 0.001195 
12.529964 0.001650 
12.529964 0.001604 
12.529964 0.001650 
12.529964 0.001412 
12.529964 0.001604 
12.529964 0.001375 
12.529964 0.001412 
12.529964 0.001375 
12.649111 0.001454 
12.649111 0.001432 
12.649111 0.001454 
12.649111 0.001124 
12.649111 0.001432 
12.649111 0.001108 
12.649111 0.001124 
12.649111 0.001108 
12.727922 0.001665 
12.727922 0.001547 
12.727922 0.001547 
12.727922 0.001440 
12.806248 0.001612 
12.806248 0.001528 
12.806248 0.001612 
12.806248 0.001450 
12.806248 0.001528 
12.806248 0.001378 
12.806248 0.001450 
12.806248 0.001378 
13.000000 0.001094 
13.000000 0.001335 
13.000000 0.001307 
13.000000 0.001335 
13.000000 0.001028 
13.000000 0.001094 
13.000000 0.000647 
13.000000 0.001307 
13.000000 0.001008 
13.000000 0.001028 
13.000000 0.001008 
13.000000 0.000647 
13.038405 0.001085 
13.038405 0.001082 
13.038405 0.001455 
13.038405 0.001399 
13.038405 0.001455 
13.038405 0.001240 
13.038405 0.001085 
13.038405 0.000641 
13.038405 0.001082 
13.038405 0.000639 
13.038405 0.001399 
13.038405 0.001195 
13.038405 0.001240 
13.038405 0.001195 
13.038405 0.000641 
13.038405 0.000639 
13.152946 0.001056 
13.152946 0.001049 
13.152946 0.001056 
13.152946 0.000623 
13.152946 0.001049 
13.152946 0.000619 
13.152946 0.000623 
13.152946 0.000619 
13.341664 0.001008 
13.341664 0.000997 
13.341664 0.001008 
13.341664 0.000592 
13.341664 0.000997 
13.341664 0.000587 
13.341664 0.000592 
13.341664 0.000587 
13.416408 0.001204 
13.416408 0.001169 
13.416408 0.001204 
13.416408 0.000923 
13.416408 0.001169 
13.416408 0.000898 
13.416408 0.000923 
13.416408 0.000898 
13.453624 0.001357 
13.453624 0.001257 
13.453624 0.001357 
13.453624 0.001217 
13.453624 0.001257 
13.453624 0.001131 
13.453624 0.001217 
13.453624 0.001131 
13.601471 0.000945 
13.601471 0.000930 
13.601471 0.001258 
13.601471 0.001191 
13.601471 0.001258 
13.601471 0.001068 
13.601471 0.000945 
13.601471 0.000553 
13.601471 0.000930 
13.601471 0.000545 
13.601471 0.001191 
13.601471 0.001014 
13.601471 0.001068 
13.601471 0.001014 
13.601471 0.000553 
13.601471 0.000545 
13.892444 0.001066 
13.892444 0.001023 
13.892444 0.001066 
13.892444 0.000813 
13.892444 0.001023 
13.892444 0.000783 
13.892444 0.000813 
13.892444 0.000783 
13.928388 0.000870 
13.928388 0.000851 
13.928388 0.000870 
13.928388 0.000507 
13.928388 0.000851 
13.928388 0.000497 
13.928388 0.000507 
13.928388 0.000497 
14.000000 0.000537 
14.000000 0.000537 
14.000000 0.000000 
14.000000 0.000000 
14.035669 0.000533 
14.035669 0.000531 
14.035669 0.000533 
14.035669 0.000000 
14.035669 0.000531 
14.035669 0.000000 
14.035669 0.000000 
14.035669 0.000000 
14.142136 0.000519 
14.142136 0.000515 
14.142136 0.001110 
14.142136 0.000993 
14.142136 0.000519 
14.142136 0.000000 
14.142136 0.000515 
14.142136 0.000000 
14.142136 0.000993 
14.142136 0.000891 
14.142136 0.000000 
14.142136 0.000000 
14.212670 0.001064 
14.212670 0.000984 
14.212670 0.001064 
14.212670 0.000900 
14.212670 0.000984 
14.212670 0.000835 
14.212670 0.000900 
14.212670 0.000835 
14.317821 0.000496 
14.317821 0.000490 
14.317821 0.000787 
14.317821 0.000763 
14.317821 0.000787 
14.317821 0.000456 
14.317821 0.000496 
14.317821 0.000000 
14.317821 0.000490 
14.317821 0.000000 
14.317821 0.000763 
14.317821 0.000443 
14.317821 0.000456 
14.317821 0.000443 
14.317821 0.000000 
14.317821 0.000000 
14.422205 0.000925 
14.422205 0.000874 
14.422205 0.000925 
14.422205 0.000703 
14.422205 0.000874 
14.422205 0.000666 
14.422205 0.000703 
14.422205 0.000666 
14.560220 0.000465 
14.560220 0.000458 
14.560220 0.000465 
14.560220 0.000000 
14.560220 0.000458 
14.560220 0.000000 
14.560220 0.000000 
14.560220 0.000000 
14.764823 0.000698 
14.764823 0.000670 
14.764823 0.000698 
14.764823 0.000403 
14.764823 0.000670 
14.764823 0.000387 
14.764823 0.000403 
14.764823 0.000387 
14.866069 0.000429 
14.866069 0.000420 
14.866069 0.000874 
14.866069 0.000780 
14.866069 0.000874 
14.866069 0.000737 
14.866069 0.000429 
14.866069 0.000000 
14.866069 0.000420 
14.866069 0.000000 
14.866069 0.000780 
14.866069 0.000660 
14.866069 0.000737 
14.866069 0.000660 
14.866069 0.000000 
14.866069 0.000000 
15.000000 0.000000 
15.000000 0.000785 
15.000000 0.000724 
15.000000 0.000785 
15.000000 0.000593 
15.000000 0.000000 
15.000000 0.000724 
15.000000 0.000550 
15.000000 0.000593 
15.000000 0.000550 
15.033296 0.000000 
15.033296 0.000000 
15.033296 0.000000 
15.033296 0.000000 
15.132746 0.000000 
15.132746 0.000000 
15.132746 0.000000 
15.132746 0.000000 
15.231546 0.000389 
15.231546 0.000377 
15.231546 0.000389 
15.231546 0.000000 
15.231546 0.000377 
15.231546 0.000000 
15.231546 0.000000 
15.231546 0.000000 
15.264338 0.000608 
15.264338 0.000574 
15.264338 0.000608 
15.264338 0.000348 
15.264338 0.000574 
15.264338 0.000330 
15.264338 0.000348 
15.264338 0.000330 
15.297059 0.000000 
15.297059 0.000000 
15.297059 0.000000 
15.297059 0.000000 
15.524175 0.000000 
15.524175 0.000000 
15.524175 0.000000 
15.524175 0.000000 
15.556349 0.000690 
15.556349 0.000580 
15.556349 0.000580 
15.556349 0.000490 
15.620499 0.000646 
15.620499 0.000576 
15.620499 0.000646 
15.620499 0.000487 
15.620499 0.000576 
15.620499 0.000436 
15.620499 0.000487 
15.620499 0.000436 
15.652476 0.000346 
15.652476 0.000331 
15.652476 0.000346 
15.652476 0.000000 
15.652476 0.000331 
15.652476 0.000000 
15.652476 0.000000 
15.652476 0.000000 
15.811388 0.000000 
15.811388 0.000000 
15.811388 0.000517 
15.811388 0.000476 
15.811388 0.000517 
15.811388 0.000295 
15.811388 0.000000 
15.811388 0.000000 
15.811388 0.000476 
15.811388 0.000273 
15.811388 0.000295 
15.811388 0.000273 
16.124515 0.000301 
16.124515 0.000284 
16.124515 0.000301 
16.124515 0.000000 
16.124515 0.000284 
16.124515 0.000000 
16.124515 0.000000 
16.124515 0.000000 
16.155494 0.000000 
16.155494 0.000000 
16.155494 0.000000 
16.155494 0.000000 
16.278821 0.000511 
16.278821 0.000429 
16.278821 0.000511 
16.278821 0.000384 
16.278821 0.000429 
16.278821 0.000324 
16.278821 0.000384 
16.278821 0.000324 
16.401219 0.000426 
16.401219 0.000379 
16.401219 0.000426 
16.401219 0.000242 
16.401219 0.000379 
16.401219 0.000216 
16.401219 0.000242 
16.401219 0.000216 
16.552945 0.000000 
16.552945 0.000000 
16.552945 0.000000 
16.552945 0.000000 
16.643317 0.000256 
16.643317 0.000236 
16.643317 0.000256 
16.643317 0.000000 
16.643317 0.000236 
16.643317 0.000000 
16.643317 0.000000 
16.643317 0.000000 
16.970563 0.000380 
16.970563 0.000284 
16.970563 0.000284 
16.970563 0.000214 
17.000000 0.000000 
17.000000 0.000000 
17.000000 0.000000 
17.000000 0.000000 
17.029386 0.000338 
17.029386 0.000283 
17.029386 0.000338 
17.029386 0.000191 
17.029386 0.000283 
17.029386 0.000161 
17.029386 0.000191 
17.029386 0.000161 
17.204651 0.000212 
17.204651 0.000188 
17.204651 0.000212 
17.204651 0.000000 
17.204651 0.000188 
17.204651 0.000000 
17.204651 0.000000 
17.204651 0.000000 
17.492856 0.000000 
17.492856 0.000000 
17.492856 0.000000 
17.492856 0.000000 
17.691806 0.000251 
17.691806 0.000188 
17.691806 0.000251 
17.691806 0.000142 
17.691806 0.000188 
17.691806 0.000107 
17.691806 0.000142 
17.691806 0.000107 
17.804494 0.000168 
17.804494 0.000141 
17.804494 0.000168 
17.804494 0.000000 
17.804494 0.000141 
17.804494 0.000000 
17.804494 0.000000 
17.804494 0.000000 
18.027756 0.000000 
18.027756 0.000000 
18.027756 0.000000 
18.027756 0.000000 
18.384776 0.000166 
18.384776 0.000094 
18.384776 0.000094 
18.384776 0.000053 
18.439089 0.000125 
18.439089 0.000093 
18.439089 0.000125 
18.439089 0.000000 
18.439089 0.000093 
18.439089 0.000000 
18.439089 0.000000 
18.439089 0.000000 
18.601075 0.000000 
18.601075 0.000000 
18.601075 0.000000 
18.601075 0.000000 
19.104973 0.000083 
19.104973 0.000047 
19.104973 0.000083 
19.104973 0.000000 
19.104973 0.000047 
19.104973 0.000000 
19.104973 0.000000 
19.104973 0.000000 
19.209373 0.000000 
19.209373 0.000000 
19.209373 0.000000 
19.209373 0.000000 
19.798990 0.000041 
19.798990 0.000000 
19.798990 0.000000 
19.798990 0.000000 
19.849433 0.000000 
19.849433 0.000000 
19.849433 0.000000 
19.849433 0.000000 
20.518285 0.000000 
20.518285 0.000000 
20.518285 0.000000 
20.518285 0.000000 
21.213203 0.000000 
