Temperature, <E>, E_error, <|M|>, M_error, Heat Capacity c, c_error, Susceptibility chi, chi_error

1.000000 -4736.295248 0.458896 0.000000 0.000000 0.083307 0.004396 0.000000 0.000000
1.100000 -4720.311426 0.462400 0.000000 0.000000 0.069905 0.003015 0.000000 0.000000
1.200000 -4696.323559 0.627711 0.000000 0.000000 0.108246 0.004998 0.000000 0.000000
1.300000 -4665.561173 0.779038 0.000000 0.000000 0.142065 0.005976 0.000000 0.000000
1.400000 -4623.809909 0.936583 0.000000 0.000000 0.177049 0.007494 0.000000 0.000000
1.500000 -4573.156724 1.139766 0.000000 0.000000 0.228405 0.010701 0.000000 0.000000
1.600000 -4501.055612 1.347380 0.000000 0.000000 0.280541 0.012165 0.000000 0.000000
1.700000 -4417.690597 1.587736 0.000000 0.000000 0.345076 0.015417 0.000000 0.000000
1.800000 -4308.477250 1.899860 0.000000 0.000000 0.440711 0.018976 0.000000 0.000000
1.900000 -4167.486350 2.333115 0.000000 0.000000 0.596515 0.026242 0.000000 0.000000
2.000000 -4003.187058 2.681860 0.000000 0.000000 0.711326 0.033368 0.000000 0.000000
2.100000 -3776.068756 3.313221 0.000000 0.000000 0.984733 0.046847 0.000000 0.000000
2.200000 -3529.731041 3.624722 0.000000 0.000000 1.073891 0.054997 0.000000 0.000000
2.300000 -3237.447927 3.910200 0.000000 0.000000 1.143401 0.050395 0.000000 0.000000
2.400000 -2964.335693 3.856798 0.000000 0.000000 1.021616 0.046767 0.000000 0.000000
2.500000 -2741.880688 3.454729 0.000000 0.000000 0.755447 0.034201 0.000000 0.000000
2.600000 -2551.607685 3.596903 0.000000 0.000000 0.757124 0.033926 0.000000 0.000000
2.700000 -2396.392315 3.270868 0.000000 0.000000 0.580570 0.026177 0.000000 0.000000
2.800000 -2261.828109 3.194382 0.000000 0.000000 0.514889 0.023916 0.000000 0.000000
2.900000 -2140.586451 3.051753 0.000000 0.000000 0.438086 0.020007 0.000000 0.000000
3.000000 -2038.099090 2.922861 0.000000 0.000000 0.375517 0.015805 0.000000 0.000000
